binary_comb,binary_abundance,PTM_1,PTM_2,discrete_mod_x,discrete_abundance_1,discrete_mod_y,discrete_abundance_2,interplay,abundance_corrected_interplay,normalized_interplay
K4unR8un,0.9946148722875484,K4un,R8un,K4un,0.9967777287159548,R8un,0.997837143571585,-7.00701942964621e-06,-7.007012824105995e-06,-0.0012976731428457357
K4unK9un,0.7760245265145282,K4un,K9un,K4un,0.9967777287159548,K9un,0.7760245265145282,0.0032274739794963484,inf,0.012728080232134552
K4unK14un,0.6248029101230272,K4un,K14un,K4un,0.9967777287159548,K14un,0.6248029101230272,0.0032274739794963484,inf,0.006862307972188176
K4unR17un,0.9724945916869588,K4un,R17un,K4un,0.9967777287159548,R17un,0.9757168629709954,-8.04567018630184e-05,-8.0456698818764e-05,-0.002884707629118013
K4unK18un,0.7653506063908703,K4un,K18un,K4un,0.9967777287159548,K18un,0.7653506063908703,0.0032274739794961272,inf,0.012068876674659687
K4unK23un,0.666024965219085,K4un,K23un,K4un,0.9967777287159548,K23un,0.666024965219085,0.0032274739794961272,inf,0.007941069503455979
K4unR26un,0.959848259008974,K4un,R26un,K4un,0.9967777287159548,R26un,0.9630705302930108,-0.00012396688015011142,-0.0001239668773404548,-0.003025052873229417
K4unK27me2,0.5575823167764852,K4un,K27me2,K4un,0.9967777287159548,K27me2,0.558224747445051,0.002075965335837964,1.620515651474702,0.0035538519762891322
K4unK36un,0.2914822990915743,K4un,K36un,K4un,0.9967777287159548,K36un,0.2914822990915743,0.0032274739794961272,inf,0.0026180538745540654
R8unK9un,0.7755902754162141,R8un,K9un,R8un,0.997837143571585,K9un,0.7760245265145282,0.0016054579103293666,1.6149153409205612,0.006317444865123698
R8unK14un,0.623074304792935,R8un,K14un,R8un,0.997837143571585,K14un,0.6248029101230272,-0.0006052764155101381,0.22466764134188613,-0.001279412073401491
R8unR17un,0.9735540065425888,R8un,R17un,R8un,0.997837143571585,R17un,0.9757168629709954,-5.3946182774188025e-05,-5.394617852557941e-05,-0.0020127686356803216
R8unK18un,0.7636220010607779,R8un,K18un,R8un,0.997837143571585,K18un,0.7653506063908703,-9.593534081345974e-05,0.22587127008984065,-0.00035573455892595583
R8unK23un,0.6642963598889928,R8un,K23un,R8un,0.997837143571585,K23un,0.666024965219085,-0.0004335813343134542,0.22498236772761748,-0.0010600313332240748
R8unR26un,0.9609076738646044,R8un,R26un,R8un,0.997837143571585,R26un,0.9630705302930108,-8.311914210912907e-05,-8.311913792512789e-05,-0.002084390784482296
R8unK27me2,0.5560618910166446,R8un,K27me2,R8un,0.997837143571585,K27me2,0.558224747445051,-0.0017168528748489854,-0.0017168528708770105,-0.002925411538805566
R8unK36un,0.2914822990915743,R8un,K36un,R8un,0.997837143571585,K36un,0.2914822990915743,0.002165198780436721,inf,0.001756360265741655
K9unK14un,0.5466543542911547,K9un,K14un,K9un,0.7760245265145282,K14un,0.6248029101230272,0.11995160602166459,1.6649908711060584,0.19861557455508702
K9unR17un,0.7636809507645694,K9un,R17un,K9un,0.7760245265145282,R17un,0.9757168629709954,0.008548806288589946,0.7399761157400624,0.03170861281257191
K9unK18un,0.6222758078111494,K9un,K18un,K9un,0.7760245265145282,K18un,0.7653506063908703,0.04662053049794228,0.9175624074768101,0.09827844793213501
K9unK23un,0.5421284702731546,K9un,K23un,K9un,0.7760245265145282,K23un,0.666024965219085,0.047747001190197945,0.9960264862711187,0.07798582886929323
K9unR26un,0.7393302305761559,K9un,R26un,K9un,0.7760245265145282,R26un,0.9630705302930108,-0.010810813793135043,-0.0033717139028086028,-0.03579614066659504
K9unK27me2,0.4716809959241869,K9un,K27me2,K9un,0.7760245265145282,K27me2,0.558224747445051,0.08511239947530069,1.4086430441149818,0.11326386337846626
K9unK36un,0.2259404636118775,K9un,K36un,K9un,0.7760245265145282,K36un,0.2914822990915743,-0.0011365982320938066,1.480815240162272,-0.0007641079993490003
K14unR17un,0.6021143059367705,K14un,R17un,K14un,0.6248029101230272,R17un,0.9757168629709954,-0.012406117875099298,0.05977217221519444,-0.024454805548430214
K14unK18un,0.5388949481510176,K14un,K18un,K14un,0.6248029101230272,K18un,0.7653506063908703,0.11950563546116556,1.6292238844334967,0.1933014262872125
K14unK23un,0.4717901446799163,K14un,K23un,K14un,0.6248029101230272,K23un,0.666024965219085,0.125526145617228,1.5644546561133763,0.16709616138425945
K14unR26un,0.5942263745975104,K14un,R26un,K14un,0.6248029101230272,R26un,0.9630705302930108,-0.012547277737921027,0.19330693806839105,-0.024106436028096253
K14unK27me2,0.369305088468894,K14un,K27me2,K14un,0.6248029101230272,K27me2,0.558224747445051,0.057180468741238374,1.2908974803329043,0.05740249132951204
K14unK36un,0.1779245430509207,K14un,K36un,K14un,0.6248029101230272,K36un,0.2914822990915743,-0.02330071266828145,1.6327277712850097,-0.013496739020626676
R17unK18un,0.7483661771210809,R17un,K18un,R17un,0.9757168629709954,K18un,0.7653506063908703,0.002141196022070096,0.3912251180378557,0.007386927322552633
R17unK23un,0.6470144475215366,R17un,K23un,R17un,0.9757168629709954,K23un,0.666024965219085,-0.004375696811370123,0.25632748906383523,-0.010050139948036212
R17unR26un,0.9391692185820176,R17un,R26un,R17un,0.9757168629709954,R26un,0.9630705302930108,-0.0005481407702980016,0.02569381275609181,-0.008733974256597523
R17unK27me2,0.5398606060224852,R17un,K27me2,R17un,0.9757168629709954,K27me2,0.558224747445051,-0.008867851178158921,0.2840031527001351,-0.014385486309162311
R17unK36un,0.2884669572846671,R17un,K36un,R17un,0.9757168629709954,K36un,0.2914822990915743,0.01418410023222308,2.1307301203615268,0.011409578929275382
K18unK23un,0.5339158663108201,K18un,K23un,K18un,0.7653506063908703,K23un,0.666024965219085,0.04633235880989623,0.9875650392483745,0.07383442736226153
K18unR26un,0.7320999263499788,K18un,R26un,K18un,0.7653506063908703,R26un,0.9630705302930108,-0.006788392104877403,0.11394826923146366,-0.02176895176711684
K18unK27me2,0.4142119493041912,K18un,K27me2,K18un,0.7653506063908703,K27me2,0.558224747445051,-0.030962615687366135,0.6868477651901886,-0.03512980118461449
K18unK36un,0.2313908305591347,K18un,K36un,K18un,0.7653506063908703,K36un,0.2914822990915743,0.0365501487622529,1.6816292623269329,0.024971968303346526
K23unR26un,0.6356605158048266,K23un,R26un,K23un,0.666024965219085,R26un,0.9630705302930108,-0.00903388481781373,0.20655647921665599,-0.01993836123169934
K23unK27me2,0.4220996462509913,K23un,K27me2,K23un,0.666024965219085,K27me2,0.558224747445051,0.1269078840602908,1.6183389691697507,0.1471372105637937
K23unK36un,0.1664029035287892,K23un,K36un,K23un,0.666024965219085,K36un,0.2914822990915743,-0.15413917926223297,1.1773014710568337,-0.0859507374410132
R26unK27me2,0.5490740657907577,R26un,K27me2,R26un,0.9630705302930108,K27me2,0.558224747445051,0.02110031797293318,1.481225653511771,0.035195239237526287
R26unK36un,0.2734490416922833,R26un,K36un,R26un,0.9630705302930108,K36un,0.2914822990915743,-0.02623536545384177,0.7175889801122881,-0.02023334586411094
K27me2K36un,0.0520318837813421,K27me2,K36un,K27me2,0.558224747445051,K36un,0.2914822990915743,-1.1401289756024073,-0.191416770141905,-0.3857131554240956
K4unK27un,0.0656564143274252,K4un,K27un,K4un,0.9967777287159548,K27un,0.068236254942896,-0.03531324613797731,0.18773532827264539,-0.012966983836648197
K4unK36me2,0.5061281322792259,K4un,K36me2,K4un,0.9967777287159548,K36me2,0.5093504035632626,-0.0031188582871028224,-0.0031188582844324138,-0.004580053868034731
R8unK27un,0.068236254942896,R8un,K27un,R8un,0.997837143571585,K27un,0.068236254942896,0.002165198780436721,inf,0.0008064718073201642
R8unK36me2,0.507187547134856,R8un,K36me2,R8un,0.997837143571585,K36me2,0.5093504035632626,-0.0020901459229518715,-0.002090145919033373,-0.003078840262203518
K9unK27un,0.0380522095923309,K9un,K27un,K9un,0.7760245265145282,K27un,0.068236254942896,-0.33044571466014205,1.9069503298719674,-0.10109095274310118
K9unK36me2,0.4132999673061565,K9un,K36me2,K9un,0.7760245265145282,K36me2,0.5093504035632626,0.044608600032445093,1.193358185307097,0.05048611037874321
K14unK27un,0.0389399319707128,K14un,K27un,K14un,0.6248029101230272,K27un,0.068236254942896,-0.09063674531044143,2.9233460568483483,-0.027924875130746835
K14unK36me2,0.318287030209632,K14un,K36me2,K14un,0.6248029101230272,K36me2,0.5093504035632626,0.00013641382830799044,1.1454433596883564,0.00011915935239369887
R17unK27un,0.0659876890048007,R17un,K27un,R17un,0.9757168629709954,K27un,0.068236254942896,-0.008924992536550259,2.39449686125607,-0.003283314918119865
R17unK36me2,0.4909862621406968,R17un,K36me2,R17un,0.9757168629709954,K36me2,0.5093504035632626,-0.012137213218858587,0.27938196511507823,-0.0170624849543431
K18unK27un,0.0516374794012967,K18un,K27un,K18un,0.7653506063908703,K27un,0.068236254942896,-0.011307026052284225,2.9040546933091385,-0.0038154200575681078
K18unK36me2,0.3646180596343628,K18un,K36me2,K18un,0.7653506063908703,K36me2,0.5093504035632626,-0.06686456045604729,0.6187777458969237,-0.06627439457853669
K23unK27un,0.0445199960793947,K23un,K27un,K23un,0.666024965219085,K27un,0.068236254942896,-0.0206094588309469,3.029231328066332,-0.006622966545394991
K23unK36me2,0.3854622686150868,K23un,K36me2,K23un,0.666024965219085,K36me2,0.5093504035632626,0.12773524021258897,1.6783554661648181,0.13399101721186968
R26unK27un,0.0561639103350381,R26un,K27un,R26un,0.9630705302930108,K27un,0.068236254942896,-0.15707300555194864,0.9880593968465012,-0.054549070258472526
R26unK36me2,0.4971569561841943,R26un,K36me2,R26un,0.9630705302930108,K36me2,0.5093504035632626,0.013398217791887103,1.173239446275699,0.019171821511751102
K27unK36me2,0.031907181523248,K27un,K36me2,K27un,0.068236254942896,K36me2,0.5093504035632626,-0.08552582679434283,3.1862200959885514,-0.024826621026573112
K4unK27me3,0.3172064809671541,K4un,K27me3,K4un,0.9967777287159548,K27me3,0.3172064809671541,0.0032274739794963484,inf,0.002810893008580304
R8unK27me3,0.3172064809671541,R8un,K27me3,R8un,0.997837143571585,K27me3,0.3172064809671541,0.002165198780436721,inf,0.0018857292584790817
K9unK27me3,0.2240183282403092,K9un,K27me3,K9un,0.7760245265145282,K27me3,0.3172064809671541,-0.09425389737820347,0.9952952823199571,-0.06300278783388763
K14unK27me3,0.1953569353779585,K14un,K27me3,K14un,0.6248029101230272,K27me3,0.3172064809671541,-0.014405575382784634,1.5739553867307126,-0.008821934950417198
R17unK27me3,0.3143969748058943,R17un,K27me3,R17un,0.9757168629709954,K27me3,0.3172064809671541,0.01568635110850667,2.2044146171102423,0.013556621576494426
K18unK27me3,0.2641286208312458,K18un,K27me3,K18un,0.7653506063908703,K27me3,0.3172064809671541,0.08430450440807234,1.8797804789249875,0.06332404061893376
K23unK27me3,0.1817213493208253,K23un,K27me3,K23un,0.666024965219085,K27me3,0.3172064809671541,-0.15065033138439266,1.0950344913893235,-0.08834341549478657
R26unK27me3,0.3062035519599037,R26un,K27me3,R26un,0.9630705302930108,K27me3,0.3172064809671541,0.002325791620327427,1.2518851196616887,0.001965172293950614
K27me3K36un,0.2347057259304416,K27me3,K36un,K27me3,0.3172064809671541,K36un,0.2914822990915743,0.9315555765764999,5.568991876598095,0.64270797290975
K4unK36me1,0.1433000887995814,K4un,K36me1,K4un,0.9967777287159548,K36me1,0.1433000887995814,0.0032274739794963484,inf,0.0016612364541697864
R8unK36me1,0.1433000887995814,R8un,K36me1,R8un,0.997837143571585,K36me1,0.1433000887995814,0.0021651987804369426,inf,0.001114465110311165
K9unK36me1,0.0976695021773676,K9un,K36me1,K9un,0.7760245265145282,K36me1,0.1433000887995814,-0.12978044908447922,1.6945947621960993,-0.05579156998423202
K14unK36me1,0.0832972206171751,K14un,K36me1,K14un,0.6248029101230272,K36me1,0.1433000887995814,-0.07220674905393701,2.2195864697320036,-0.029053065679522563
R17unK36me1,0.1403964350000583,R17un,K36me1,R17un,0.9757168629709954,K36me1,0.1433000887995814,0.00411197909283383,2.153196562310477,0.0020944380041544386
K18unK36me1,0.1158178462747192,K18un,K36me1,K18un,0.7653506063908703,K36me1,0.1433000887995814,0.054498952801900744,2.475885762570997,0.025280895856229044
K23unK36me1,0.0686958204269349,K23un,K36me1,K23un,0.666024965219085,K36me1,0.1433000887995814,-0.32882447133793175,1.5306634528572631,-0.12278426238209238
R26unK36me1,0.1402940445602707,R26un,K36me1,R26un,0.9630705302930108,K36me1,0.1433000887995814,0.016428213488320582,2.5652161909118902,0.008364608038896654
K27me2K36me1,0.0408378858534497,K27me2,K36me1,K27me2,0.558224747445051,K36me1,0.1433000887995814,-0.672337104626191,1.2932670099453893,-0.21022720775943665
K4unK27me1,0.0548136144360424,K4un,K27me1,K4un,0.9967777287159548,K27me1,0.0548136144360424,0.0032274739794963484,inf,0.0011114592752220892
R8unK27me1,0.0548136144360424,R8un,K27me1,R8un,0.997837143571585,K27me1,0.0548136144360424,0.002165198780436721,inf,0.0007456389369842392
K9unK27me1,0.0412113902391076,K9un,K27me1,K9un,0.7760245265145282,K27me1,0.0548136144360424,-0.031652768485752686,3.021416371661078,-0.009925483074266083
K14unK27me1,0.020559422141328,K14un,K27me1,K14un,0.6248029101230272,K27me1,0.0548136144360424,-0.5103002447064686,2.3307471551689223,-0.13137048775261306
R17unK27me1,0.0544317891180393,R17un,K27me1,R17un,0.9757168629709954,K27me1,0.0548136144360424,0.01759257433713658,4.1957794186842605,0.00604388223536559
K18unK27me1,0.0347310246900022,K18un,K27me1,K18un,0.7653506063908703,K27me1,0.0548136144360424,-0.1888839897888988,2.526844435515123,-0.05621343360431121
K23unK27me1,0.0176839735678741,K23un,K27me1,K23un,0.666024965219085,K27me1,0.0548136144360424,-0.7248516966104571,1.8487643133641416,-0.1796367687914465
R26unK27me1,0.0501100999984635,R26un,K27me1,R26un,0.9630705302930108,K27me1,0.0548136144360424,-0.0520873874771976,2.0433021020132704,-0.017399972806061068
K27me1K36me2,0.0183857055289232,K27me1,K36me2,K27me1,0.0548136144360424,K36me2,0.5093504035632626,-0.4177460288117559,2.837658896592805,-0.10453629258974559
K4unK23me2,0.0329947234741265,K4un,K23me2,K4un,0.9967777287159548,K23me2,0.0329947234741265,0.0032274739794961272,inf,0.0009460827711768335
R8unK23me2,0.0329947234741265,R8un,K23me2,R8un,0.997837143571585,K23me2,0.0329947234741265,0.002165198780436721,inf,0.0006346936568220073
K9unK23me2,0.0319588259953573,K9un,K23me2,K9un,0.7760245265145282,K23me2,0.0329947234741265,0.22167188566805945,5.860014871884465,0.06437761506603679
K14unK23me2,0.0097284590691965,K14un,K23me2,K14un,0.6248029101230272,K23me2,0.0329947234741265,-0.750973116566653,2.481934545507768,-0.16210269492150012
R17unK23me2,0.0315249264857338,R17un,K23me2,R17un,0.9757168629709954,K23me2,0.0329947234741265,-0.020986269974755042,2.8075460859400536,-0.006070700389240019
K18unK23me2,0.0187061981531197,K18un,K23me2,K18un,0.7653506063908703,K23me2,0.0329947234741265,-0.300071491838158,2.757179082808393,-0.0754156839426104
K23me2R26un,0.0295598191630906,K23me2,R26un,K23me2,0.0329947234741265,R26un,0.9630705302930108,-0.07230304583304822,2.3379692702355146,-0.0205328256274253
K23me2K27un,0.0026935209587682,K23me2,K27un,K23me2,0.0329947234741265,K27un,0.068236254942896,0.1792808483664122,6.296674334676221,0.030299762632191873
K23me2K36me1,0.0059638817625982,K23me2,K36me1,K23me2,0.0329947234741265,K36me1,0.1433000887995814,0.23218824203484084,5.640069404189887,0.045331260061141035
K27unK36me1,0.0045105313118441,K27un,K36me1,K27un,0.068236254942896,K36me1,0.1433000887995814,-0.7737467424525477,3.7288731262568935,-0.14325087772849707
K4unK36me3,0.0558672085455732,K4un,K36me3,K4un,0.9967777287159548,K36me3,0.0558672085455732,0.0032274739794961272,inf,0.0011187947000936846
R8unK36me3,0.0558672085455732,R8un,K36me3,R8un,0.997837143571585,K36me3,0.0558672085455732,0.002165198780436721,inf,0.0007505600155388703
K9unK36me3,0.0391145934191265,K9un,K36me3,K9un,0.7760245265145282,K36me3,0.0558672085455732,-0.10291081528783294,2.7378725120810428,-0.031750253435776594
K14unK36me3,0.0452941162452993,K14un,K36me3,K14un,0.6248029101230272,K36me3,0.0558672085455732,0.26051856378784627,4.317743700738278,0.08418548573485589
R17unK36me3,0.0558672085455732,R17un,K36me3,R17un,0.9757168629709954,K36me3,0.0558672085455732,0.024582834070983488,inf,0.008521569700212601
K18unK36me3,0.0535238699226534,K18un,K36me3,K18un,0.7653506063908703,K36me3,0.0558672085455732,0.22457136348121726,5.113519438064336,0.07670762726719098
K23unK36me3,0.0454639726482745,K23un,K36me3,K23un,0.666024965219085,K36me3,0.0558672085455732,0.20037072737624376,4.08896299918011,0.06482737590665494
R26unK36me3,0.0521704878562625,R26un,K36me3,R26un,0.9630705302930108,K36me3,0.0558672085455732,-0.03083200087935999,2.30656539883205,-0.010440065323386736
K27unK36me3,0.0318185421078039,K27un,K36me3,K27un,0.068236254942896,K36me3,0.0558672085455732,2.1218508641505665,9.034062161366244,0.6154384447585488
K4unR26me2,0.0185653282844153,K4un,R26me2,K4un,0.9967777287159548,R26me2,0.0185653282844153,0.0032274739794961272,inf,0.0008096091212229526
R8unR26me2,0.0185653282844153,R8un,R26me2,R8un,0.997837143571585,R26me2,0.0185653282844153,0.0021651987804369426,inf,0.0005431382849370747
K9unR26me2,0.0185653282844153,K9un,R26me2,K9un,0.7760245265145282,R26me2,0.0185653282844153,0.2535711529652329,inf,0.06360810950727587
K14unR26me2,0.0175652147212683,K14un,R26me2,K14un,0.6248029101230272,R26me2,0.0185653282844153,0.41494376235832797,6.822376813577623,0.10266222794292731
R17unR26me2,0.0185653282844153,R17un,R26me2,R17un,0.9757168629709954,R26me2,0.0185653282844153,0.024582834070983488,inf,0.006166583159404982
K18unR26me2,0.0185653282844153,K18un,R26me2,K18un,0.7653506063908703,R26me2,0.0185653282844153,0.26742124113942317,inf,0.06708239242537307
K23unR26me2,0.0182484296779448,K23un,R26me2,K23un,0.666024965219085,R26me2,0.0185653282844153,0.38921138466579364,7.764920705904794,0.09721350093914308
R26me2K27me1,0.001656490583107,R26me2,K27me1,R26me2,0.0185653282844153,K27me1,0.0548136144360424,0.48722216475164903,7.426531203125918,0.07609215276798104
R26me2K36un,0.0051759715069398,R26me2,K36un,R26me2,0.0185653282844153,K36un,0.2914822990915743,-0.04449271954164488,5.156175340661962,-0.008452700752379723
K27me1K36un,0.0038673193350768,K27me1,K36un,K27me1,0.0548136144360424,K36un,0.2914822990915743,-1.41860101439421,2.403561418980712,-0.25536481597207566
K4unR26me1,0.0183641414225654,K4un,R26me1,K4un,0.9967777287159548,R26me1,0.0183641414225654,0.0032274739794961272,inf,0.0008074023186970012
R8unR26me1,0.0183641414225654,R8un,R26me1,R8un,0.997837143571585,R26me1,0.0183641414225654,0.0021651987804369426,inf,0.0005416578187371269
K9unR26me1,0.018128967653957,K9un,R26me1,K9un,0.7760245265145282,R26me1,0.0183641414225654,0.24068230736202642,7.358324289524501,0.060016870676596695
K14unR26me1,0.0130113208042485,K14un,R26me1,K14un,0.6248029101230272,R26me1,0.0183641414225654,0.12573890495073267,4.848395464793229,0.02895918325767887
R17unR26me1,0.0179823161045623,R17un,R26me1,R17un,0.9757168629709954,R26me1,0.0183641414225654,0.0035717429889376893,4.180795735545127,0.0008888544735605336
K18unR26me1,0.0146853517564761,K18un,R26me1,K18un,0.7653506063908703,R26me1,0.0183641414225654,0.04387183152377216,4.467641090447295,0.010393940163594694
K23unR26me1,0.0121160197363136,K23un,R26me1,K23un,0.666024965219085,R26me1,0.0183641414225654,-0.009443281493288469,4.375594382943439,-0.0021397680231553143
R26me1K27me2,0.0068893022616957,R26me1,K27me2,R26me1,0.0183641414225654,K27me2,0.558224747445051,-0.3974364913018523,3.830085049830965,-0.07984202893218527
R26me1K36un,0.0128572858923511,R26me1,K36un,R26me1,0.0183641414225654,K36un,0.2914822990915743,0.8762867173034611,6.992821568064216,0.20126733753891826
K4unK9me2,0.1017831679883325,K4un,K9me2,K4un,0.9967777287159548,K9me2,0.1017831679883325,0.0032274739794961272,inf,0.0014125165662472374
R8unK9me2,0.1017831679883325,R8un,K9me2,R8un,0.997837143571585,K9me2,0.1017831679883325,0.002165198780436721,inf,0.000947607685147831
K9me2K14un,0.0513679280718285,K9me2,K14un,K9me2,0.1017831679883325,K14un,0.6248029101230272,-0.21351171350115133,2.2424131792364737,-0.07191994659456821
K9me2R17un,0.1017831679883325,K9me2,R17un,K9me2,0.1017831679883325,R17un,0.9757168629709954,0.024582834070983488,inf,0.010758773143073408
K9me2K18un,0.0885166719255209,K9me2,K18un,K9me2,0.1017831679883325,K18un,0.7653506063908703,0.12776741223101132,3.283603659861161,0.0526970594250451
K9me2K23un,0.0410745441076404,K9me2,K23un,K9me2,0.1017831679883325,K23un,0.666024965219085,-0.5010280578502547,1.5666916042014045,-0.15694564651064316
K9me2R26un,0.1015479942197241,K9me2,R26un,K9me2,0.1017831679883325,R26un,0.9630705302930108,0.03531541934585918,5.133466171356917,0.0154402993834703
K9me2K27un,0.0155149057392671,K9me2,K27un,K9me2,0.1017831679883325,K27un,0.068236254942896,0.8037357338815525,6.018744272736222,0.19292957218677123
K9me2K36me1,0.0456305866222138,K9me2,K36me1,K9me2,0.1017831679883325,K36me1,0.1433000887995814,1.1405478288734954,6.084385019112618,0.369446850150278
K4unR17me2,0.0177033109458582,K4un,R17me2,K4un,0.9967777287159548,R17me2,0.0177033109458582,0.0032274739794961272,inf,0.0008000672040178949
R8unR17me2,0.0177033109458582,R8un,R17me2,R8un,0.997837143571585,R17me2,0.0177033109458582,0.0021651987804369426,inf,0.0005367369482797775
K9unR17me2,0.0082999932846559,K9un,R17me2,K9un,0.7760245265145282,R17me2,0.0177033109458582,-0.5039258224845922,2.9130105622732136,-0.10517077370231782
K14unR17me2,0.0177033109458582,K14un,R17me2,K14un,0.6248029101230272,R17me2,0.0177033109458582,0.4703190227802042,inf,0.11658864732688952
R17me2K18un,0.0132964592323341,R17me2,K18un,R17me2,0.0177033109458582,K18un,0.7653506063908703,-0.01883266338375989,4.223184321776743,-0.004359152984191165
R17me2K23un,0.0160587353128218,R17me2,K23un,R17me2,0.0177033109458582,K23un,0.666024965219085,0.3089294004288037,6.035486249868542,0.07477410791781504
R17me2R26un,0.0177033109458582,R17me2,R26un,R17me2,0.0177033109458582,R26un,0.9630705302930108,0.03762862968628437,inf,0.009327862202882998
R17me2K27un,0.0022485659380954,R17me2,K27un,R17me2,0.0177033109458582,K27un,0.068236254942896,0.6213202289720191,7.420908638331802,0.10189816108750169
R17me2K36me1,0.0022485659380954,R17me2,K36me1,R17me2,0.0177033109458582,K36me1,0.1433000887995814,-0.12064470453324914,5.835295070420502,-0.019786050676674004
K9me2K27me1,0.0130491361211942,K9me2,K27me1,K9me2,0.1017831679883325,K27me1,0.0548136144360424,0.8496938647183192,6.2837978396491865,0.19582561302384552
K9me2K36un,0.0409996557165404,K9me2,K36un,K9me2,0.1017831679883325,K36un,0.2914822990915743,0.32349492155528364,4.0563732615495045,0.10127599126994621
K27me2K36me2,0.4441243337931446,K27me2,K36me2,K27me2,0.558224747445051,K36me2,0.5093504035632626,0.44596198344356275,3.81755536364112,0.5494506071146323
K27me3K36me1,0.0675675723187655,K27me3,K36me1,K27me3,0.3172064809671541,K36me1,0.1433000887995814,0.3963895716493454,3.8284466455205504,0.14710368277368224
R26me2K27me2,0.0022613793925977,R26me2,K27me2,R26me2,0.0185653282844153,K27me2,0.558224747445051,-1.5223271681507962,2.3453798090333406,-0.24989856706685692
R26me1K27me3,0.0084278153063978,R26me1,K27me3,R26me1,0.0183641414225654,K27me3,0.3172064809671541,0.3693400116117696,5.755930860003437,0.07732897346784796
R26me2K27un,0.0120723446078579,R26me2,K27un,R26me2,0.0185653282844153,K27un,0.068236254942896,2.2544007546338722,10.081498951336997,0.5104105580894766
R26me2K36me2,0.0097015820670703,R26me2,K36me2,R26me2,0.0185653282844153,K36me2,0.5093504035632626,0.02561228509718749,4.7144829635788374,0.005525287727385878
K4unK9me1,0.0737507282280747,K4un,K9me1,K4un,0.9967777287159548,K9me1,0.0769729995121113,-0.03953636124308239,-0.03953636124041146,-0.015165088019509254
K4unK14me1,0.072461765022886,K4un,K14me1,K4un,0.9967777287159548,K14me1,0.072461765022886,0.0032274739794963484,inf,0.0012296561926581448
R8unK9me1,0.075244394182019,R8un,K9me1,R8un,0.997837143571585,K9me1,0.0769729995121113,-0.020548100958286585,0.20403732670400873,-0.00794278730563327
R8unK14me1,0.072461765022886,R8un,K14me1,R8un,0.997837143571585,K14me1,0.072461765022886,0.002165198780436721,inf,0.0008249330918278559
K9me1K14me1,0.058786996359455,K9me1,K14me1,K9me1,0.0769729995121113,K14me1,0.072461765022886,2.355162210654494,10.499150042948745,0.831086687833416
K9me1R17un,0.0744367558942762,K9me1,R17un,K9me1,0.0769729995121113,R17un,0.9757168629709954,-0.008922019918717706,2.274018437423231,-0.0034344450209880984
K9me1K18un,0.027695969383344,K9me1,K18un,K9me1,0.0769729995121113,K18un,0.7653506063908703,-0.7547465705541436,1.0300705787905116,-0.21044283381939705
K9me1K23un,0.0490295116905776,K9me1,K23un,K9me1,0.0769729995121113,K23un,0.666024965219085,-0.04460418462965039,2.8390747126339613,-0.014792457869090708
K9me1R26un,0.0769729995121113,K9me1,R26un,K9me1,0.0769729995121113,R26un,0.9630705302930108,0.03762862968628437,inf,0.014674032390457288
K9me1K27un,0.0136928168828824,K9me1,K27un,K9me1,0.0769729995121113,K27un,0.068236254942896,0.9581959335194309,6.4763640883440186,0.22330968539947904
K9me1K36me2,0.0576112447126427,K9me1,K36me2,K9me1,0.0769729995121113,K36me2,0.5093504035632626,0.3848821483176828,4.331866206227145,0.1348553223352274
K14me1R17un,0.0720462262559943,K14me1,R17un,K14me1,0.072461765022886,R17un,0.9757168629709954,0.018831734653611192,4.112862325175679,0.007159137689460721
K14me1K18un,0.0244729558565161,K14me1,K18un,K14me1,0.072461765022886,K18un,0.7653506063908703,-0.818069137336751,0.9937539989584754,-0.22049271977715948
K14me1K23un,0.0470461217560227,K14me1,K23un,K14me1,0.072461765022886,K23un,0.666024965219085,-0.02550248542816652,2.9546618212913414,-0.00834334275188207
K14me1R26un,0.072461765022886,K14me1,R26un,K14me1,0.072461765022886,R26un,0.9630705302930108,0.03762862968628437,inf,0.014336375075036305
K14me1K27un,0.0154545887461223,K14me1,K27un,K14me1,0.072461765022886,K27un,0.068236254942896,1.1396261796923046,6.7998984283481505,0.27330152578865946
K14me1K36me2,0.0549009646929554,K14me1,K36me2,K14me1,0.072461765022886,K36me2,0.5093504035632626,0.3970909600650982,4.440599371673676,0.13682297127064202
K27me1K36me3,0.0028180224206544,K27me1,K36me3,K27me1,0.0548136144360424,K36me3,0.0558672085455732,-0.0831255518916961,5.6961449453857975,-0.014156934113959444
K27me2K36me3,0.0212306440171148,K27me2,K36me3,K27me2,0.558224747445051,K36me3,0.0558672085455732,-0.3845383638491432,2.7256327194800636,-0.09982021097489305
K9me2K36me3,0.0151529256495783,K9me2,K36me3,K9me2,0.1017831679883325,K36me3,0.0558672085455732,0.9801265591216087,6.4625769491902165,0.23394489452275094
R26me2K36me3,0.0023707625407877,R26me2,K36me3,R26me2,0.0185653282844153,K36me3,0.0558672085455732,0.8266935602646668,7.801684877377238,0.13676691096713858
K27me3K36me2,0.0149331827179469,K27me3,K36me2,K27me3,0.3172064809671541,K36me2,0.5093504035632626,-2.3813480728663277,-1.5741366601749922,-0.566425322495118
K23me2K36me3,0.0022311818306152,K23me2,K36me3,K23me2,0.0329947234741265,K36me3,0.0558672085455732,0.1909614401615416,6.506880958898333,0.03127836822758055
K23me2K27me3,0.0076236929055612,K23me2,K27me3,K23me2,0.0329947234741265,K27me3,0.3172064809671541,-0.31688441075143314,4.114678500021516,-0.06498201067964206
K23me2K36un,0.0199346881035236,K23me2,K36un,K23me2,0.0329947234741265,K36un,0.2914822990915743,0.728889679643537,5.992574355218028,0.1861647401393833
K4unK14me2,0.0113926846034974,K4un,K14me2,K4un,0.9967777287159548,K14me2,0.0113926846034974,0.0032274739794961272,inf,0.0007212580766765794
R8unK14me2,0.0113926846034974,R8un,K14me2,R8un,0.997837143571585,K14me2,0.0113926846034974,0.0021651987804369426,inf,0.0004838666765159271
K9unK14me2,0.0113926846034974,K9un,K14me2,K9un,0.7760245265145282,K14me2,0.0113926846034974,0.2535711529652329,inf,0.05666668213291665
K14me2R17un,0.0113926846034974,K14me2,R17un,K14me2,0.0113926846034974,R17un,0.9757168629709954,0.024582834070983488,inf,0.0054936361172662745
K14me2K18un,0.0113926846034974,K14me2,K18un,K14me2,0.0113926846034974,K18un,0.7653506063908703,0.26742124113942317,inf,0.05976182341733285
K14me2K23un,0.0103880394527826,K14me2,K23un,K14me2,0.0113926846034974,K23un,0.666024965219085,0.31411176756829895,6.531233647984101,0.0687770696258956
K14me2R26un,0.0113926846034974,K14me2,R26un,K14me2,0.0113926846034974,R26un,0.9630705302930108,0.03762862968628437,inf,0.008409038538473915
K14me2K27un,0.0048470798195787,K14me2,K27un,K14me2,0.0113926846034974,K27un,0.068236254942896,1.8301842345620662,9.53547381874554,0.3434141735003709
K14me2K36me3,0.0048470798195787,K14me2,K36me3,K14me2,0.0113926846034974,K36me3,0.0558672085455732,2.0301826567308727,9.965732647683078,0.3809417029990137
K14me2K27me3,0.0065456047839188,K14me2,K27me3,K14me2,0.0113926846034974,K27me3,0.3172064809671541,0.5940247087081738,6.699436096924601,0.11812075138752919
K14me2K36un,0.0055409596332039,K14me2,K36un,K14me2,0.0113926846034974,K36un,0.2914822990915743,0.5119722553374173,6.548921330904896,0.09853981826356253
K9me1K27me3,0.0169652090880363,K9me1,K27me3,K9me1,0.0769729995121113,K27me3,0.3172064809671541,-0.3640876242123577,3.1907025767330937,-0.08931179602105796
K9me1K36un,0.0177620653226003,K9me1,K36un,K9me1,0.0769729995121113,K36un,0.2914822990915743,-0.2336136846196111,3.464007080769164,-0.05795872907509112
K14me1K27me3,0.0126421136136976,K14me1,K27me3,K14me1,0.072461765022886,K27me3,0.3172064809671541,-0.5978230951100073,2.950686743635676,-0.13677903508603642
K14me1K36un,0.0159611108530622,K14me1,K36un,K14me1,0.072461765022886,K36un,0.2914822990915743,-0.2801278532676272,3.462664456262441,-0.0677029793535813
R26me1K36me2,0.002491865311998,R26me1,K36me2,R26me1,0.0183641414225654,K36me2,0.5093504035632626,-1.3227492924879243,2.769395457256364,-0.2206522523101322
K4unK18me2,0.0237095396129697,K4un,K18me2,K4un,0.9967777287159548,K18me2,0.0237095396129697,0.0032274739794961272,inf,0.0008625278950860953
R8unK18me2,0.0237095396129697,R8un,K18me2,R8un,0.997837143571585,K18me2,0.0237095396129697,0.002165198780436721,inf,0.0005786396291333157
K9unK18me2,0.0237095396129697,K9un,K18me2,K9un,0.7760245265145282,K18me2,0.0237095396129697,0.2535711529652331,inf,0.06776574937896233
K14unK18me2,0.002129885222309,K14un,K18me2,K14un,0.6248029101230272,K18me2,0.0237095396129697,-1.9394903676589887,1.3659487524396523,-0.315277794321619
R17unK18me2,0.0237095396129697,R17un,K18me2,R17un,0.9757168629709954,K18me2,0.0237095396129697,0.024582834070983488,inf,0.0065696517651883295
K18me2K23un,0.0010959019486334,K18me2,K23un,K18me2,0.0237095396129697,K23un,0.666024965219085,-2.667871637040294,0.40872122802057953,-0.39140289620978846
K18me2R26un,0.0217595115386129,K18me2,R26un,K18me2,0.0237095396129697,R26un,0.9630705302930108,-0.04819787872067111,2.929454761671546,-0.012591850070214235
K18me2K27un,0.0027358678632817,K18me2,K27un,K18me2,0.0237095396129697,K27un,0.068236254942896,0.525350478518553,7.02086593645315,0.08902273958407225
K18me2K36me3,0.0017847813897697,K18me2,K36me3,K18me2,0.0237095396129697,K36me3,0.0558672085455732,0.29819613469169554,6.954097282535069,0.047119862604500275
K9me2K27me3,0.072761826437617,K9me2,K27me3,K9me2,0.1017831679883325,K27me3,0.3172064809671541,0.8125490666660571,5.272132669659434,0.31006650530791413
R26me2K27me3,0.0025751137008526,R26me2,K27me3,R26me2,0.0185653282844153,K27me3,0.3172064809671541,-0.8271997240055248,4.0646295894801145,-0.13874856225601975
K4unK18me1,0.0274921651390195,K4un,K18me1,K4un,0.9967777287159548,K18me1,0.0274921651390195,0.0032274739794961272,inf,0.0008980536724301918
R8unK18me1,0.0274921651390195,R8un,K18me1,R8un,0.997837143571585,K18me1,0.0274921651390195,0.002165198780436721,inf,0.0006024726236882441
K9me1K18me1,0.0015937515345381,K9me1,K18me1,K9me1,0.0769729995121113,K18me1,0.0274921651390195,-0.2835097929630343,5.847313098542637,-0.04401188375593682
K14me1K18me1,0.0117086847055362,K14me1,K18me1,K14me1,0.072461765022886,K18me1,0.0274921651390195,1.7711260241581437,8.617756536722165,0.3982363392635333
R17unK18me1,0.0253002049801125,R17un,K18me1,R17un,0.9757168629709954,K18me1,0.0274921651390195,-0.058505728291637756,2.369457894567739,-0.015911514475876836
K18me1K23un,0.0020092903014298,K18me1,K23un,K18me1,0.0274921651390195,K23un,0.666024965219085,-2.2096913603572146,0.7449406079715031,-0.3558294231173629
K18me1R26un,0.0274921651390195,K18me1,R26un,K18me1,0.0274921651390195,R26un,0.9630705302930108,0.03762862968628437,inf,0.01047027157862915
K18me1K27un,0.0063756311847134,K18me1,K27un,K18me1,0.0274921651390195,K27un,0.068236254942896,1.2233612934435851,7.765378531489951,0.24199711687994313
K18me1K36me2,0.0127764204935105,K18me1,K36me2,K18me1,0.0274921651390195,K36me2,0.5093504035632626,-0.09168065326990867,4.087277232234039,-0.021026930286951295
K4unK23me3,0.0809850561914897,K4un,K23me3,K4un,0.9967777287159548,K23me3,0.0809850561914897,0.0032274739794961272,inf,0.001284060476449515
R8unK23me3,0.0809850561914897,R8un,K23me3,R8un,0.997837143571585,K23me3,0.0809850561914897,0.002165198780436721,inf,0.0008614310123886844
K9unK23me3,0.0384916563901846,K9un,K23me3,K9un,0.7760245265145282,K23me3,0.0809850561914897,-0.4902519925543483,1.3919275211476172,-0.15050806459556176
K14unK23me3,0.0106570048010994,K14un,K23me3,K14un,0.6248029101230272,K23me3,0.0809850561914897,-1.5577282196584386,0.5196223504126929,-0.3429957566034474
R17unK23me3,0.0809850561914897,R17un,K23me3,R17un,0.9757168629709954,K23me3,0.0809850561914897,0.02458283407098327,inf,0.009780356349950869
K18unK23me3,0.0752985779057834,K18un,K23me3,K18un,0.7653506063908703,K23me3,0.0809850561914897,0.19461784386486056,4.201154560618892,0.07524969767638678
K23me3R26un,0.0809850561914897,K23me3,R26un,K23me3,0.0809850561914897,R26un,0.9630705302930108,0.03762862968628437,inf,0.014970666369448465
K23me3K27un,0.0008796749039078,K23me3,K27un,K23me3,0.0809850561914897,K27un,0.068236254942896,-1.837688255353797,3.2293497867504066,-0.261185217022075
K23me3K36me2,0.0068064054615315,K23me3,K36me2,K23me3,0.0809850561914897,K36me2,0.5093504035632626,-1.8017814141180062,0.6910916119227428,-0.36108631771297073
K4unK23ac,0.1859557663143089,K4un,K23ac,K4un,0.9967777287159548,K23ac,0.1891780375983456,-0.013952265637286822,-0.013952265634640578,-0.008293829744763783
R8unK23ac,0.1887437865000314,R8un,K23ac,R8un,0.997837143571585,K23ac,0.1891780375983456,-0.00013290237033210557,1.6075634039263211,-7.970803359121034e-05
K9unK23ac,0.1405512902855681,K9un,K23ac,K9un,0.7760245265145282,K23ac,0.1891780375983456,-0.04354493899710844,1.7274964040500989,-0.022192090851975193
K14unK23ac,0.1181187598623061,K14un,K23ac,K14un,0.6248029101230272,K23ac,0.1891780375983456,-0.0006789888966712371,2.133418715478888,-0.0003178690654622524
R17unK23ac,0.1887962122803425,R17un,K23ac,R17un,0.9757168629709954,K23ac,0.1891780375983456,0.02256245597375817,4.20505775692144,0.013534059583512698
K18unK23ac,0.1189311641300773,K18un,K23ac,K18un,0.7653506063908703,K23ac,0.1891780375983456,-0.19672245533869856,1.2359541182538738,-0.09239221017850507
K23acR26un,0.1870061570602134,K23ac,R26un,K23ac,0.1891780375983456,R26un,0.9630705302930108,0.026081601921604324,2.903311101168518,0.015556118468255728
K23acK27me2,0.103791169131231,K23ac,K27me2,K23ac,0.1891780375983456,K27me2,0.558224747445051,-0.017314053734147603,2.205291637613036,-0.007642910517720527
K23acK36un,0.049055333926632,K23ac,K36un,K23ac,0.1891780375983456,K36un,0.2914822990915743,-0.11696364618884939,2.711040913820432,-0.03879640429503814
K23acR26me1,0.0018549819316617,K23ac,R26me1,K23ac,0.1891780375983456,R26me1,0.0183641414225654,-0.6274582623165561,4.923060618414007,-0.09975678869291027
K23acK27me1,0.0151361665886592,K23ac,K27me1,K23ac,0.1891780375983456,K27me1,0.0548136144360424,0.37821512610782587,5.087566898850431,0.09025174568522049
R26me1K27me1,0.0030470238544719,R26me1,K27me1,R26me1,0.0183641414225654,K27me1,0.0548136144360424,1.1075820786481338,8.17246867353855,0.1911737089048839
K23acK27me3,0.0515755607263395,K23ac,K27me3,K23ac,0.1891780375983456,K27me3,0.3172064809671541,-0.15143828094815384,2.566325966454644,-0.051080347289232136
K23acK36me1,0.0332861514332331,K23ac,K36me1,K23ac,0.1891780375983456,K36me1,0.1433000887995814,0.20526719255061499,3.906633598720093,0.060326326206891566
K23me3K27me3,0.0617381927630308,K23me3,K27me3,K23me3,0.0809850561914897,K27me3,0.3172064809671541,0.8768404583506264,5.725888946644819,0.3148606427996819
K23me3K36un,0.0434028034822748,K23me3,K36un,K23me3,0.0809850561914897,K36un,0.2914822990915743,0.6090353877605624,4.855231635221357,0.19413149381440437
K4unK14ac,0.2841679651683395,K4un,K14ac,K4un,0.9967777287159548,K14ac,0.2873902364523761,-0.008048037119902507,-0.008048037117237594,-0.006396520771581508
R8unK14ac,0.2869559853540619,R8un,K14ac,R8un,0.997837143571585,K14ac,0.2873902364523761,0.0006530405574898459,1.6086438397517295,0.0005230909395990139
K9unK14ac,0.2141966591026892,K9un,K14ac,K9un,0.7760245265145282,K14ac,0.2873902364523761,-0.040375287321582604,1.3157920263219438,-0.026203073934671733
K14acR17un,0.2862112423765284,K14ac,R17un,K14ac,0.2873902364523761,R17un,0.9757168629709954,0.02047198087519338,3.078551649570723,0.016364164369202433
K14acK18un,0.1896390875679671,K14ac,K18un,K14ac,0.2873902364523761,K18un,0.7653506063908703,-0.14829703331428348,0.9406977271182293,-0.0891941115339526
K14acK23un,0.1337991857440308,K14ac,K23un,K14ac,0.2873902364523761,K23un,0.666024965219085,-0.3580728151999986,0.7105660309791305,-0.17802033721665975
K14acR26un,0.2810373022709121,K14ac,R26un,K14ac,0.2873902364523761,R26un,0.9630705302930108,0.01527503741894205,1.8192237010517665,0.012034526184747065
K14acK27me3,0.102661827191579,K14ac,K27me3,K14ac,0.2873902364523761,K27me3,0.3172064809671541,0.11880171199377075,2.6265235843103696,0.05219036731940048
K14acK36un,0.0920556855543875,K14ac,K36un,K14ac,0.2873902364523761,K36un,0.2914822990915743,0.09432866918492981,2.6562776151549734,0.03954480901229082
K14acK27me2,0.1406021925148865,K14ac,K27me2,K14ac,0.2873902364523761,K27me2,0.558224747445051,-0.13191280334849756,1.504254711153272,-0.06723998934391902
K14acK36me2,0.1322100048624705,K14ac,K36me2,K14ac,0.2873902364523761,K36me2,0.5093504035632626,-0.10183031314942899,1.6856291070475147,-0.05032724192078117
K4unR8me1,0.0021628564284065,K4un,R8me1,K4un,0.9967777287159548,R8me1,0.0021628564284065,0.0032274739794961272,inf,0.0005259619904533348
R8me1K9me1,0.0017286053300923,R8me1,K9me1,R8me1,0.0021628564284065,K9me1,0.0769729995121113,2.340185721487863,12.586825228440011,0.3679282546277913
R8me1K14un,0.0017286053300923,R8me1,K14un,R8me1,0.0021628564284065,K14un,0.6248029101230272,0.2462041699586668,7.4787122747081085,0.03870866730926944
R8me1R17un,0.0021628564284065,R8me1,R17un,R8me1,0.0021628564284065,R17un,0.9757168629709954,0.024582834070983488,inf,0.004006116368745165
R8me1K18un,0.0017286053300923,R8me1,K18un,R8me1,0.0021628564284065,K18un,0.7653506063908703,0.04330638831788555,6.603048367442841,0.006808709121557486
R8me1K23un,0.0017286053300923,R8me1,K23un,R8me1,0.0021628564284065,K23un,0.666024965219085,0.1823132710088256,7.234373564834819,0.028663623994386715
R8me1R26un,0.0021628564284065,R8me1,R26un,R8me1,0.0021628564284065,R26un,0.9630705302930108,0.03762862968628437,inf,0.006132111085499558
R8me1K27me2,0.0021628564284065,R8me1,K27me2,R8me1,0.0021628564284065,K27me2,0.558224747445051,0.5829936244931613,inf,0.09500695872624776
R8me1K36me2,0.0021628564284065,R8me1,K36me2,R8me1,0.0021628564284065,K36me2,0.5093504035632626,0.6746190836360535,inf,0.1099386078032513
K9me1K14un,0.0050889337733086,K9me1,K14un,K9me1,0.0769729995121113,K14un,0.6248029101230272,-2.246067348065033,-0.19527006642108413,-0.42533620557187934
K9me1K27me2,0.0463149735411927,K9me1,K27me2,K9me1,0.0769729995121113,K27me2,0.558224747445051,0.07500423124681188,3.332421119137204,0.024413135491401446
K9me2R26me1,0.0002351737686084,K9me2,R26me1,K9me2,0.1017831679883325,R26me1,0.0183641414225654,-2.0729199921739876,4.098669313481652,-0.24809980566470438
K14me1K27me2,0.0443650626630661,K14me1,K27me2,K14me1,0.072461765022886,K27me2,0.558224747445051,0.09238686347045644,3.4381196980814783,0.029655819540379665
K4unK18ac,0.1802254175730956,K4un,K18ac,K4un,0.9967777287159548,K18ac,0.1834476888571322,-0.014493691283362914,-0.01449369128069068,-0.008458298604625183
R8unK18ac,0.183013437758818,R8un,K18ac,R8un,0.997837143571585,K18ac,0.1834476888571322,-0.00020477320312112737,1.6074765400087239,-0.00012058280639078278
K9unK18ac,0.1171275922780639,K9un,K18ac,K9un,0.7760245265145282,K18ac,0.1834476888571322,-0.1950945266494052,1.236472911593833,-0.09097472999668905
K14unK18ac,0.0782367655278061,K14un,K18ac,K14un,0.6248029101230272,K18ac,0.1834476888571322,-0.3818708452439532,1.291049131314563,-0.14986990113720927
R17unK18ac,0.1783409412568326,R17un,K18ac,R17un,0.9757168629709954,K18ac,0.1834476888571322,-0.003649599862973639,1.5793345754209935,-0.0021168658614763537
K18acK23un,0.129003906658202,K18ac,K23un,K18ac,0.1834476888571322,K23un,0.666024965219085,0.05434125940043216,2.287292522374018,0.02653495058417863
K18acR26un,0.1817189272653998,K18ac,R26un,K18ac,0.1834476888571322,R26un,0.9630705302930108,0.028160214826862835,3.133830508359699,0.01651340618856186
K18acK27me3,0.0379884548431003,K18ac,K27me3,K18ac,0.1834476888571322,K27me3,0.3172064809671541,-0.426444901230246,2.19294977474644,-0.13039242431972928
K18acK36un,0.0415929420992406,K18ac,K36un,K18ac,0.1834476888571322,K36un,0.2914822990915743,-0.2512230621445684,2.541221086423697,-0.07900531600263846
K14acK36me1,0.0589982230316913,K14ac,K36me1,K14ac,0.2873902364523761,K36me1,0.1433000887995814,0.3594806487314881,3.8160347915268664,0.12701383575582167
K4unK23me1,0.0308172175169444,K4un,K23me1,K4un,0.9967777287159548,K23me1,0.0308172175169444,0.0032274739794961272,inf,0.0009275198783628537
R8unK23me1,0.0308172175169444,R8un,K23me1,R8un,0.997837143571585,K23me1,0.0308172175169444,0.002165198780436721,inf,0.0006222404649023993
K9me2K23me1,0.0056026439157009,K9me2,K23me1,K9me2,0.1017831679883325,K23me1,0.0308172175169444,0.5800756025082233,6.463291297242864,0.11188614870128794
K14unK23me1,0.0145085417105088,K14un,K23me1,K14un,0.6248029101230272,K23me1,0.0308172175169444,-0.2830169618333492,3.315249086980469,-0.06685938509746085
R17unK23me1,0.0273962204918927,R17un,K23me1,R17un,0.9757168629709954,K23me1,0.0308172175169444,-0.09308564438332252,1.888525027848364,-0.02587616964224325
K18unK23me1,0.0184987998910695,K18un,K23me1,K18un,0.7653506063908703,K23me1,0.0308172175169444,-0.24294644371537957,2.964636947425042,-0.0608880788575029
K23me1R26un,0.0298589820733902,K23me1,R26un,K23me1,0.0308172175169444,R26un,0.9630705302930108,0.006040787160832177,3.6955337311895846,0.0017203997094580796
K23me1K27un,0.0021094540128437,K23me1,K27un,K23me1,0.0308172175169444,K27un,0.068236254942896,0.003134866213457118,6.167925663852614,0.0005087973187931812
K23me1K36me3,0.0012586093815659,K23me1,K36me3,K23me1,0.0308172175169444,K36me3,0.0558672085455732,-0.31328841788335393,6.026865258314188,-0.04691528127768505
K23acK36me2,0.0999231075533628,K23ac,K36me2,K23ac,0.1891780375983456,K36me2,0.5093504035632626,0.03633147985080477,2.423854199587275,0.01577329186484846
K18acK27me2,0.1317798946976233,K18ac,K27me2,K18ac,0.1834476888571322,K27me2,0.558224747445051,0.25219713839628727,3.0477716835215904,0.12444210708417691
K18acK36me2,0.1319559234353892,K18ac,K36me2,K18ac,0.1834476888571322,K36me2,0.5093504035632626,0.34515748458752316,3.3712657756892708,0.1704239592266067
K23acR26me2,0.0003168986064704,K23ac,R26me2,K23ac,0.1891780375983456,R26me2,0.0185653282844153,-2.4054024706721933,3.0365704207472217,-0.2985507956721461
R26me2K36me1,0.0013170121696174,R26me2,K36me1,R26me2,0.0185653282844153,K36me1,0.1433000887995814,-0.7031157828482332,5.135564970316501,-0.1060124364779986
K27me1K36me1,0.0297425671513879,K27me1,K36me1,K27me1,0.0548136144360424,K36me1,0.1433000887995814,1.3314549798846962,6.981901623728058,0.37877334494935017
K9me2K18ac,0.0066137739244868,K9me2,K18ac,K9me2,0.1017831679883325,K18ac,0.1834476888571322,-1.0378645874269368,2.7367685331283353,-0.20680357318681106
K9me2K14ac,0.0485493196700232,K9me2,K14ac,K9me2,0.1017831679883325,K14ac,0.2873902364523761,0.5066497130399775,4.425503016848405,0.1674778142557816
K4unR17me1,0.0065798260831379,K4un,R17me1,K4un,0.9967777287159548,R17me1,0.0065798260831379,0.0032274739794961272,inf,0.0006424435788464748
R8unR17me1,0.0065798260831379,R8un,R17me1,R8un,0.997837143571585,R17me1,0.0065798260831379,0.002165198780436721,inf,0.00043099280187998765
K9unR17me1,0.0040435824653028,K9un,R17me1,K9un,0.7760245265145282,R17me1,0.0065798260831379,-0.23330611300772186,4.499740188278113,-0.04233751081973129
K9unK18me1,0.0129115868123452,K9un,K18me1,K9un,0.7760245265145282,K18me1,0.0274921651390195,-0.5022047963462546,2.4721134555614204,-0.11545919467179719
K9unK23me1,0.0228942835702634,K9un,K23me1,K9un,0.7760245265145282,K23me1,0.0308172175169444,-0.04361513747084071,3.5503748758554923,-0.011547964392257741
K14unR17me1,0.0049852932403986,K14un,R17me1,K14un,0.6248029101230272,R17me1,0.0065798260831379,0.19280293516343044,6.125402033273087,0.036369245073321725
K14unK18me1,0.0055413112218944,K14un,K18me1,K14un,0.6248029101230272,K18me1,0.0274921651390195,-1.1313508818571107,2.158644870574078,-0.21775490883074564
R17me1K18me1,0.002191960158907,R17me1,K18me1,R17me1,0.0065798260831379,K18me1,0.0274921651390195,2.494642098323748,11.566018456082828,0.4074242638877882
R17me1K23me1,0.0017764213920153,R17me1,K23me1,R17me1,0.0065798260831379,K23me1,0.0308172175169444,2.1702743077511166,11.009854660809742,0.34268457285638376
R17me1R26un,0.0061980007651348,R17me1,R26un,R17me1,0.0065798260831379,R26un,0.9630705302930108,-0.022152901353365426,4.587132551494167,-0.0043577805003089404
R17me1K27me2,0.0029093964148029,R17me1,K27me2,R17me1,0.0065798260831379,K27me2,0.558224747445051,-0.23306904728480624,5.1390410540171825,-0.03991038437483712
R17me1K36me2,0.0029093964148029,R17me1,K36me2,R17me1,0.0065798260831379,K36me2,0.5093504035632626,-0.14144358814191416,5.427723766032212,-0.024220581994321085
K18me1K23me1,0.0057762115326323,K18me1,K23me1,K18me1,0.0274921651390195,K23me1,0.0308172175169444,1.9195286984618258,9.377298154271266,0.37243422512830404
K18me1K27me2,0.0102828753688797,K18me1,K27me2,K18me1,0.0274921651390195,K27me2,0.558224747445051,-0.4004275094900771,3.4186333473590285,-0.08748163014368601
K23me1K27me2,0.0035503035323762,K23me1,K27me2,K23me1,0.0308172175169444,K27me2,0.558224747445051,-1.5780468176786893,1.7651523014833381,-0.2797597130546494
K23me1K36me2,0.012293650155892,K23me1,K36me2,K23me1,0.0308172175169444,K36me2,0.5093504035632626,-0.24437157885752775,3.7000638211034516,-0.05555575791511894
K14acK23me1,0.0153040306557205,K14ac,K23me1,K14ac,0.2873902364523761,K23me1,0.0308172175169444,0.546956969068497,5.644534770934857,0.1308622499087002
K23me1K27me3,0.0145476852513972,K23me1,K27me3,K23me1,0.0308172175169444,K27me3,0.3172064809671541,0.3975607052580879,5.298306171706599,0.093978797567646
K23me1K36un,0.0126865700503547,K23me1,K36un,K23me1,0.0308172175169444,K36un,0.2914822990915743,0.34524641207341866,5.25679158238357,0.07905420339575324
K14acK27me1,0.0342541922947144,K14ac,K27me1,K14ac,0.2873902364523761,K27me1,0.0548136144360424,0.776784636167154,5.6398543296189985,0.2302302890217843
K23me1K27me1,0.0097324046756134,K23me1,K27me1,K23me1,0.0308172175169444,K27me1,0.0548136144360424,1.7512041392027133,8.622020969327156,0.3780425068031895
K4unK9ac,0.0263536818934126,K4un,K9ac,K4un,0.9967777287159548,K9ac,0.0263536818934126,0.0032274739794961272,inf,0.0008876081544278619
R8unK9ac,0.0263536818934126,R8un,K9ac,R8un,0.997837143571585,K9ac,0.0263536818934126,0.002165198780436721,inf,0.0005954650930362989
K9acK14un,0.015324188407316,K9ac,K14un,K9ac,0.0263536818934126,K14un,0.6248029101230272,-0.07185645106575084,3.92346617645239,-0.01719743907772049
K9acR17un,0.0169503642322103,K9ac,R17un,K9ac,0.0263536818934126,R17un,0.9757168629709954,-0.41673583923374885,0.547384304584156,-0.10220461523235688
K9acK18un,0.015324188407316,K9ac,K18un,K9ac,0.0263536818934126,K18un,0.7653506063908703,-0.27475423270653204,3.0437049992775687,-0.06575706298092626
K9acK23me1,0.00232029003098,K9ac,K23me1,K9ac,0.0263536818934126,K23me1,0.0308172175169444,1.0497659305921117,8.278026804408643,0.17305555768281103
K9acR26un,0.0263536818934126,K9ac,R26un,K9ac,0.0263536818934126,R26un,0.9630705302930108,0.03762862968628437,inf,0.010348488868284121
K9acK27me3,0.0034611172011915,K9ac,K27me3,K9ac,0.0263536818934126,K27me3,0.3172064809671541,-0.8818142104272492,3.646032517896787,-0.15562808163266187
K9acK36un,0.0067801144405561,K9ac,K36un,K9ac,0.0263536818934126,K36un,0.2914822990915743,-0.12483801601498476,4.69376141655844,-0.024998795209560176
K18acK23me2,0.0059198159800417,K18ac,K23me2,K18ac,0.1834476888571322,K23me2,0.0329947234741265,-0.022216563521168072,5.079343363296753,-0.004331178564802067
K23me2K27me2,0.0190882578635832,K23me2,K27me2,K23me2,0.0329947234741265,K27me2,0.558224747445051,0.03571934499757336,4.078401921304764,0.009023039956000596
K18acK23me1,0.0054833381533536,K18ac,K23me1,K18ac,0.1834476888571322,K23me1,0.0308172175169444,-0.030533750030965492,5.137284593478006,-0.005865061145512198
K18acR26me1,0.0017287615917324,K18ac,R26me1,K18ac,0.1834476888571322,R26me1,0.0183641414225654,-0.667168891714103,4.913149629563797,-0.10489499711309425
K18acK27me1,0.0061920628228043,K18ac,K27me1,K18ac,0.1834476888571322,K27me1,0.0548136144360424,-0.4848445931974529,4.009968739117435,-0.0953576228022262
K18acK36me1,0.0093402660893521,K18ac,K36me1,K18ac,0.1834476888571322,K36me1,0.1433000887995814,-1.0347804869740918,2.3661857808173865,-0.22141822645259582
K23me1R26me1,0.0009582354435542,K23me1,R26me1,K23me1,0.0308172175169444,R26me1,0.0183641414225654,0.5266200419740925,8.03899841529581,0.0757681213378033
K23me1K36me1,0.0045783879291318,K23me1,K36me1,K23me1,0.0308172175169444,K36me1,0.1433000887995814,0.036087736017741456,5.465918522358512,0.006699777263686186
R26me1K36me1,0.0016890320696933,R26me1,K36me1,R26me1,0.0183641414225654,K36me1,0.1433000887995814,-0.4434299779310801,5.4318767287230365,-0.06946393915172588
R17me1K27me3,0.0028095061612597,R17me1,K27me3,R17me1,0.0065798260831379,K27me3,0.3172064809671541,0.29720276835273574,6.646732681729712,0.05058988768287922
R17me1K36me1,0.0006550878614277,R17me1,K36me1,R17me1,0.0065798260831379,K36me1,0.1433000887995814,-0.3641799021402505,6.550565966739386,-0.04967845578160117
K18me1K27me3,0.0103545603963542,K18me1,K27me3,K18me1,0.0274921651390195,K27me3,0.3172064809671541,0.1717283382585591,5.01015852468276,0.03757461812460386
K18me1K36me1,0.0048266876755231,K18me1,K36me1,K18me1,0.0274921651390195,K36me1,0.1433000887995814,0.20307371537173644,5.784518334737499,0.03807445483188654
K18me2K23me1,0.001058867939889,K18me2,K23me1,K18me2,0.0237095396129697,K23me1,0.0308172175169444,0.37100460862040446,7.617918721133125,0.05415686945096838
K18me2K27me3,0.0047348448964536,K18me2,K27me3,K18me2,0.0237095396129697,K27me3,0.3172064809671541,-0.46272615555840263,4.259606553645715,-0.08644552572727329
K18me2K36me1,0.0133152887599867,K18me2,K36me1,K18me2,0.0237095396129697,K36me1,0.1433000887995814,1.3658497478525415,7.794027216618097,0.31625366935114896
K14acK23me2,0.0232662644049299,K14ac,K23me2,K14ac,0.2873902364523761,K23me2,0.0329947234741265,0.8975710557021099,6.489234863490187,0.2386680458680581
K14acR26me1,0.0053528206183169,K14ac,R26me1,K14ac,0.2873902364523761,R26me1,0.0183641414225654,0.014137990816754795,5.264432816665302,0.0027031806833190015
K9unK14me1,0.0037808285171867,K9un,K14me1,K9un,0.7760245265145282,K14me1,0.072461765022886,-2.699544720732484,-1.3342459938270756,-0.4839791423615626
K14me1K23ac,0.0254156432668633,K14me1,K23ac,K14me1,0.072461765022886,K23ac,0.1891780375983456,0.6173725267949376,5.19841004893693,0.1681118989387618
K18me1K23ac,0.0131279701187113,K18me1,K23ac,K18me1,0.0274921651390195,K23ac,0.1891780375983456,0.9259107270410555,6.668330278257432,0.21368764069684623
K23acK27un,0.0180336089879817,K23ac,K27un,K23ac,0.1891780375983456,K27un,0.068236254942896,0.33432787135199427,4.81088011765989,0.0832589626924649
K9me2K18me1,0.0066527221383247,K9me2,K18me1,K9me2,0.1017831679883325,K18me1,0.0274921651390195,0.8660355874368262,6.954228666435935,0.17276728087818818
K18me1K36un,0.0098890569699858,K18me1,K36un,K18me1,0.0274921651390195,K36un,0.2914822990915743,0.21030372773570882,5.144817789252591,0.04555651083213957
K9me2K23ac,0.0126125801636861,K9me2,K23ac,K9me2,0.1017831679883325,K23ac,0.1891780375983456,-0.4230832955189971,3.4111337826304133,-0.09674764204557898
R17me1K18un,0.0036879700374554,R17me1,K18un,R17me1,0.0065798260831379,K18un,0.7653506063908703,-0.3115108913873107,4.350333027501473,-0.05560034511305366
R17me1K23me2,0.0014697969883927,R17me1,K23me2,R17me1,0.0065798260831379,K23me2,0.0329947234741265,1.9125235992890723,10.605897613937223,0.29321352104207876
K23me2K36me2,0.0048649717773895,K23me2,K36me2,K23me2,0.0329947234741265,K36me2,0.5093504035632626,-1.239667655854559,2.2698997580131395,-0.2327710850466034
K23me2K27me1,0.0035892517462139,K23me2,K27me1,K23me2,0.0329947234741265,K27me1,0.0548136144360424,0.6854127768492442,7.093602847447706,0.12174702008254897
K9me1K18ac,0.0476832785942292,K9me1,K18ac,K9me1,0.0769729995121113,K18ac,0.1834476888571322,1.2169518046601706,6.46154353091029,0.39989550589664874
K14me1K18ac,0.0362801244608337,K14me1,K18ac,K14me1,0.072461765022886,K18ac,0.1834476888571322,1.0040367385285165,5.961538078918971,0.30274120671837224
K18acK27un,0.0074872764936042,K18ac,K27un,K18ac,0.1834476888571322,K27un,0.068236254942896,-0.5139451821355082,3.7512157794666567,-0.10500355796610053
K18acK36me3,0.00055855723315,K18ac,K36me3,K18ac,0.1834476888571322,K36me3,0.0558672085455732,-2.909550061537881,1.4239982708402297,-0.3884499929014425
K23acK36me3,0.0069134446851176,K23ac,K36me3,K23ac,0.1891780375983456,K36me3,0.0558672085455732,-0.4244428685676927,4.02753676163457,-0.08532737386067842
K9acK27me1,0.0005530880757406,K9ac,K27me1,K9ac,0.0263536818934126,K27me1,0.0548136144360424,-0.9600293394276884,5.528206400881476,-0.12800402627133456
K9acK36me2,0.0195735674528565,K9ac,K36me2,K9ac,0.0263536818934126,K36me2,0.5093504035632626,0.37719114482368,5.346025647771446,0.09589015679384416
K9acK23un,0.0160053719626691,K9ac,K23un,K9ac,0.0263536818934126,K23un,0.666024965219085,-0.09225545813996251,3.786033179912689,-0.022311785207798057
K9acK27me2,0.0213631538880648,K9ac,K27me2,K9ac,0.0263536818934126,K27me2,0.558224747445051,0.3730532860947133,5.451620637043061,0.0969955244843993
K18me1K23me2,0.0025883568748655,K18me1,K23me2,K18me1,0.0274921651390195,K23me2,0.0329947234741265,1.04852982811825,8.17293916381836,0.17602434108659046
K9me1K23ac,0.0269075903427646,K9me1,K23ac,K9me1,0.0769729995121113,K23ac,0.1891780375983456,0.614020420458129,5.1371327043540695,0.16983720889717996
K14acR26me2,0.001000113563147,K14ac,R26me2,K14ac,0.2873902364523761,R26me2,0.0185653282844153,-1.6742679358514052,3.260406012993657,-0.2423790930630472
K14me2K23me1,0.0010046451507149,K14me2,K23me1,K14me2,0.0113926846034974,K23me1,0.0308172175169444,1.0513446822223798,9.088509819200727,0.1522999089740777
K14me2K36me1,0.0010046451507149,K14me2,K36me1,K14me2,0.0113926846034974,K36me1,0.1433000887995814,-0.4855227282057449,5.865301590748232,-0.07033380066589806
K14acK23me3,0.0703280513903902,K14ac,K23me3,K14ac,0.2873902364523761,K23me3,0.0809850561914897,1.1058203749806337,6.751655429184845,0.41657003576465873
K23me3K27me2,0.0096953706668694,K23me3,K27me2,K23me3,0.0809850561914897,K27me2,0.558224747445051,-1.5396225009448412,0.8004886660198232,-0.3320938410685286
K23me2R26me1,0.0034349043110358,K23me2,R26me1,K23me2,0.0329947234741265,R26me1,0.0183641414225654,1.7349967658270256,9.408683650333947,0.3057927840842741
K18me2K23ac,0.0157744172583478,K18me2,K23ac,K18me2,0.0237095396129697,K23ac,0.1891780375983456,1.2575786938917202,7.6124666242728605,0.3030773257525996
K14acK18ac,0.0659293252821592,K14ac,K18ac,K14ac,0.2873902364523761,K18ac,0.1834476888571322,0.22356806461227674,3.330752289128729,0.08221917170560747
K9me1K36me3,0.0015996894768684,K9me1,K36me3,K9me1,0.0769729995121113,K36me3,0.0558672085455732,-0.9888674910734168,4.372678714666411,-0.15359984848585567
K14me1K36me3,0.0015996894768684,K14me1,K36me3,K14me1,0.072461765022886,K36me3,0.0558672085455732,-0.9284718301534193,4.499667750101047,-0.1442186478191771
K14acK27un,0.0089946544064822,K14ac,K27un,K14ac,0.2873902364523761,K27un,0.068236254942896,-0.779431297068618,2.9159148813202305,-0.16544484060759504
K14acK36me3,0.0041263230038267,K14ac,K36me3,K14ac,0.2873902364523761,K36me3,0.0558672085455732,-1.358676624374908,2.4678968438963347,-0.2474654668406053
K18acK23ac,0.041344486091209,K18ac,K23ac,K18ac,0.1834476888571322,K23ac,0.1891780375983456,0.17507622227213984,3.625575139144324,0.054954903400196944
K14acK18me2,0.0215796543906607,K14ac,K18me2,K14ac,0.2873902364523761,K18me2,0.0237095396129697,1.1527877398679804,8.266629789604307,0.30051784078750354
K14acK23ac,0.0446927042573045,K14ac,K23ac,K14ac,0.2873902364523761,K23ac,0.1891780375983456,-0.1959640190585285,2.606024489272389,-0.06305260184936967
K14acK18me1,0.0102421692115889,K14ac,K18me1,K14ac,0.2873902364523761,K18me1,0.0274921651390195,0.2595266520985437,5.235974928816486,0.056649847550999076
K9acR17me2,0.0094033176612023,K9ac,R17me2,K9ac,0.0263536818934126,R17me2,0.0177033109458582,3.003458171968836,11.82785564869575,0.6435945880873659
R17me2K27me2,0.0154547450077628,R17me2,K27me2,R17me2,0.0177033109458582,K27me2,0.558224747445051,0.44715801975424696,6.320874370082893,0.10723627411847407
R17me2K36me2,0.0154547450077628,R17me2,K36me2,R17me2,0.0177033109458582,K36me2,0.5093504035632626,0.5387834788971391,6.611790159563009,0.12920965359241987
R17me2K18ac,0.0044068517135241,R17me2,K18ac,R17me2,0.0177033109458582,K18ac,0.1834476888571322,0.3052345826552989,6.1251072536797855,0.05626864257948536
K4unK27ac,0.0015189022088479,K4un,K27ac,K4un,0.9967777287159548,K27ac,0.0015189022088479,0.0032274739794961272,inf,0.0004973173555577888
R8unK27ac,0.0015189022088479,R8un,K27ac,R8un,0.997837143571585,K27ac,0.0015189022088479,0.0021651987804369426,inf,0.0003336327228614739
K9me2K27ac,0.0004572996902542,K9me2,K27ac,K9me2,0.1017831679883325,K27ac,0.0015189022088479,1.0845063639054766,10.113031767772878,0.14102498873387956
K14unK27ac,0.0006415321641341,K14un,K27ac,K14un,0.6248029101230272,K27ac,0.0015189022088479,-0.3915647773593794,6.136539383967652,-0.053262153600305596
R17unK27ac,0.0010398040197758,R17un,K27ac,R17un,0.9757168629709954,K27ac,0.0015189022088479,-0.35437275595912615,3.5953881465517945,-0.051592232589969214
K18unK27ac,0.0006415321641341,K18un,K27ac,K18un,0.7653506063908703,K27ac,0.0015189022088479,-0.5944625590001605,5.261196086507596,-0.08086109363722843
K23acK27ac,0.0006415321641341,K23ac,K27ac,K23ac,0.1891780375983456,K27ac,0.0015189022088479,0.8031829093096309,9.29900141379878,0.10925204195659036
R26unK27ac,0.0015189022088479,R26un,K27ac,R26un,0.9630705302930108,K27ac,0.0015189022088479,0.03762862968628437,inf,0.005798147631160076
K27acK36me1,0.0006415321641341,K27ac,K36me1,K27ac,0.0015189022088479,K36me1,0.1433000887995814,1.0809305243325453,9.910625814238568,0.14703234546915975
K9unK27ac,0.0010616025185937,K9un,K27ac,K9un,0.7760245265145282,K27ac,0.0015189022088479,-0.1046371134535844,6.342735798560846,-0.015280006530310775
K14acR17me1,0.0011789940758476,K14ac,R17me1,K14ac,0.2873902364523761,R17me1,0.0065798260831379,-0.47243243914136474,5.654372060638585,-0.0700616751611877
K14acK27ac,0.0008773700447138,K14ac,K27ac,K14ac,0.2873902364523761,K27ac,0.0015189022088479,0.6981000031918259,8.959381692806673,0.09918191361226232
R17me1K27ac,0.0004790981890721,R17me1,K27ac,R17me1,0.0065798260831379,K27ac,0.0015189022088479,3.869909407271791,15.829857995931194,0.506293746254803
R17me1K36un,0.0030153418069072,R17me1,K36un,R17me1,0.0065798260831379,K36un,0.2914822990915743,0.45248087725469305,6.981209703196339,0.07795961340667423
K18me1K27ac,0.0004790981890721,K18me1,K27ac,K18me1,0.0274921651390195,K27ac,0.0015189022088479,2.440016661081644,12.890777052111467,0.3192232805093154
K23me1K27ac,0.0008773700447138,K23me1,K27ac,K23me1,0.0308172175169444,K27ac,0.0015189022088479,2.9308674601958162,13.758261579089936,0.4164002892380102
K27acK36un,0.0008773700447138,K27ac,K36un,K27ac,0.0015189022088479,K36un,0.2914822990915743,0.6839617238589475,8.925303233013144,0.09717323062557243
K18me2K27ac,0.0003982718556417,K18me2,K27ac,K18me2,0.0237095396129697,K27ac,0.0015189022088479,2.4032695011137992,12.930436687418409,0.30699465426140216
K18me2K36un,0.0086094694632131,K18me2,K36un,K18me2,0.0237095396129697,K36un,0.2914822990915743,0.2197612139613742,5.306999580546076,0.046217913488556826
K18me2K23me2,0.0057803524660996,K18me2,K23me2,K18me2,0.0237095396129697,K23me2,0.0329947234741265,1.9999948036740272,9.567783769259716,0.3881005268248171
K18me2K27me1,0.0138905269232359,K18me2,K27me1,K18me2,0.0237095396129697,K27me1,0.0548136144360424,2.3691462862861834,10.10827360552353,0.553985640384579
K4unK9me3,0.0188656240916069,K4un,K9me3,K4un,0.9967777287159548,K9me3,0.0188656240916069,0.0032274739794961272,inf,0.0008128810008728906
R8unK9me3,0.0188656240916069,R8un,K9me3,R8un,0.997837143571585,K9me3,0.0188656240916069,0.002165198780436721,inf,0.0005453332739199782
K9me3K14ac,0.0115471883003158,K9me3,K14ac,K9me3,0.0188656240916069,K14ac,0.2873902364523761,0.756014813174375,6.603429542965035,0.16946014790629052
K9me3R17un,0.0188656240916069,K9me3,R17un,K9me3,0.0188656240916069,R17un,0.9757168629709954,0.024582834070983488,inf,0.006191504219976077
K9me3K18un,0.0115379688635398,K9me3,K18un,K9me3,0.0188656240916069,K18un,0.7653506063908703,-0.22427695648263196,3.5057255067242834,-0.050262511201883645
K9me3K23un,0.0177870671850437,K9me3,K23un,K9me3,0.0188656240916069,K23un,0.666024965219085,0.34755831956390587,6.497452286691676,0.08625809198173683
K9me3R26un,0.0188656240916069,K9me3,R26un,K9me3,0.0188656240916069,R26un,0.9630705302930108,0.03762862968628437,inf,0.009477256317225999
K9me3K27me2,0.0188656240916069,K9me3,K27me2,K9me3,0.0188656240916069,K27me2,0.558224747445051,0.5829936244931613,inf,0.1468344730247836
K9me3K36me2,0.0188656240916069,K9me3,K36me2,K9me3,0.0188656240916069,K36me2,0.5093504035632626,0.6746190836360535,inf,0.16991152814797944
K9me3K14un,0.0063675055794195,K9me3,K14un,K9me3,0.0188656240916069,K14un,0.6248029101230272,-0.6158146079667323,3.2475754201905658,-0.12178558809668782
K9me3K18ac,0.007327655228067,K9me3,K18ac,K9me3,0.0188656240916069,K18ac,0.1834476888571322,0.7501398693183987,6.727131266835416,0.15258841661037661
K9me2K23me3,0.0424933998013051,K9me2,K23me3,K9me2,0.1017831679883325,K23me3,0.0809850561914897,1.639994651351274,7.530830286147419,0.5192474889256012
K23me3K27me1,0.0086718178576817,K23me3,K27me1,K23me3,0.0809850561914897,K27me1,0.0548136144360424,0.6696304720619116,6.231588591921585,0.14104381888464473
K23me3K36me1,0.0307758472476832,K23me3,K36me1,K23me3,0.0809850561914897,K36me1,0.1433000887995814,0.975279880362743,5.912302824985561,0.2801703115653742
K18me2R26me1,0.0019500280743569,K18me2,R26me1,K18me2,0.0237095396129697,R26me1,0.0183641414225654,1.4993216386579178,9.394109698297665,0.2402793110764996
K18me2K27me2,0.0019500280743569,K18me2,K27me2,K18me2,0.0237095396129697,K27me2,0.558224747445051,-1.915040088397423,1.6582080850996457,-0.3069018022950027
K9me1K14ac,0.0130970693793476,K9me1,K14ac,K9me1,0.0769729995121113,K14ac,0.2873902364523761,-0.5241519330967008,3.101300410923188,-0.12090140443795103
R17me1K18ac,0.0006998958867755,R17me1,K18ac,R17me1,0.0065798260831379,K18ac,0.1834476888571322,-0.5450062755553434,6.081586500494475,-0.07502241740629903
R17me1K23ac,0.0003818253180031,R17me1,K23ac,R17me1,0.0065798260831379,K23ac,0.1891780375983456,-1.1817336620802297,5.352573575620433,-0.15014631276991472
R17me1R26me1,0.0003818253180031,R17me1,R26me1,R17me1,0.0065798260831379,R26me1,0.0183641414225654,1.1505549800190578,10.227313494742212,0.14618487518145698
R17me1K27me1,0.0003818253180031,R17me1,K27me1,R17me1,0.0065798260831379,K27me1,0.0548136144360424,0.05701630574057252,7.988377032811269,0.0072442618412336315
K18acK23me3,0.0016961419743257,K18ac,K23me3,K18ac,0.1834476888571322,K23me3,0.0809850561914897,-2.17008267456866,1.782571735696875,-0.3401703927058974
K9me1K23me2,0.0010358974787692,K9me1,K23me2,K9me1,0.0769729995121113,K23me2,0.0329947234741265,-0.8967788994255498,5.010729760178313,-0.1304882623333759
K4unK14me3,0.0039524037982046,K4un,K14me3,K4un,0.9967777287159548,K14me3,0.0039524037982046,0.0032274739794963484,inf,0.0005832681003524187
R8unK14me3,0.0039524037982046,R8un,K14me3,R8un,0.997837143571585,K14me3,0.0039524037982046,0.0021651987804369426,inf,0.00039129405459928916
K9me3K14me3,0.0009509302118716,K9me3,K14me3,K9me3,0.0188656240916069,K14me3,0.0039524037982046,2.5457752907340687,12.353555136458006,0.36587377446443153
K9me3K23ac,0.0010785569065632,K9me3,K23ac,K9me3,0.0188656240916069,K23ac,0.1891780375983456,-1.1966507754013467,4.2746645487379755,-0.17515043516879658
K14me3R17un,0.0039524037982046,K14me3,R17un,K14me3,0.0039524037982046,R17un,0.9757168629709954,0.024582834070983488,inf,0.004442602177725002
K14me3K18un,0.0009509302118716,K14me3,K18un,K14me3,0.0039524037982046,K18un,0.7653506063908703,-1.157217312256695,3.466476037285074,-0.16631297642489748
K14me3K23ac,0.0009509302118716,K14me3,K23ac,K14me3,0.0039524037982046,K23ac,0.1891780375983456,0.2404281560530966,7.5055190860894205,0.034553857625550646
K14me3R26un,0.0039524037982046,K14me3,R26un,K14me3,0.0039524037982046,R26un,0.9630705302930108,0.03762862968628437,inf,0.006800234330443359
K14me3K27me2,0.0039524037982046,K14me3,K27me2,K14me3,0.0039524037982046,K27me2,0.558224747445051,0.5829936244931614,inf,0.10535842768553055
K14me3K36me2,0.0039524037982046,K14me3,K36me2,K14me3,0.0039524037982046,K36me2,0.5093504035632626,0.6746190836360535,inf,0.12191695235147769
K18me1K23me3,0.0039903363113806,K18me1,K23me3,K18me1,0.0274921651390195,K23me3,0.0809850561914897,0.5834650886656826,6.785830516615015,0.10562595742341903
R8me1K9un,0.0004342510983142,R8me1,K9un,R8me1,0.0021628564284065,K9un,0.7760245265145282,-1.3519909603046216,3.764196371436913,-0.1746332452797246
R8me1K14ac,0.0004342510983142,R8me1,K14ac,R8me1,0.0021628564284065,K14ac,0.2873902364523761,-0.35864783537359124,6.909232440539658,-0.04632563178508742
R8me1K18ac,0.0004342510983142,R8me1,K18ac,R8me1,0.0021628564284065,K18ac,0.1834476888571322,0.09026361320712702,7.944070174976032,0.011659122115345194
R8me1K23ac,0.0004342510983142,R8me1,K23ac,R8me1,0.0021628564284065,K23ac,0.1891780375983456,0.05950459617936018,7.875437793727959,0.007686057854647068
K4me1R8un,0.0032222712840366,K4me1,R8un,K4me1,0.0032222712840366,R8un,0.997837143571585,0.002165198780436721,inf,0.0003773655914572917
K4me1K9me1,0.0032222712840366,K4me1,K9me1,K4me1,0.0032222712840366,K9me1,0.0769729995121113,2.5643005743094007,inf,0.4469237705294471
K4me1K14ac,0.0032222712840366,K4me1,K14ac,K4me1,0.0032222712840366,K14ac,0.2873902364523761,1.2469142778962632,inf,0.21732071356513355
K4me1R17un,0.0032222712840366,K4me1,R17un,K4me1,0.0032222712840366,R17un,0.9757168629709954,0.024582834070983488,inf,0.004284463765041485
K4me1K18ac,0.0032222712840366,K4me1,K18ac,K4me1,0.0032222712840366,K18ac,0.1834476888571322,1.6958257264769816,inf,0.2955600585325474
K4me1K23ac,0.0032222712840366,K4me1,K23ac,K4me1,0.0032222712840366,K23ac,0.1891780375983456,1.6650667094492146,inf,0.29019916753343694
K4me1R26un,0.0032222712840366,K4me1,R26un,K4me1,0.0032222712840366,R26un,0.9630705302930108,0.03762862968628437,inf,0.006558173884814407
K4me1K27me2,0.0006424306685658,K4me1,K27me2,K4me1,0.0032222712840366,K27me2,0.558224747445051,-1.0295892310038464,4.694402082453794,-0.14007537145784346
K4me1K36me2,0.0032222712840366,K4me1,K36me2,K4me1,0.0032222712840366,K36me2,0.5093504035632626,0.6746190836360535,inf,0.11757720898648714
R26me1K36me3,0.001325958148523,R26me1,K36me3,R26me1,0.0183641414225654,K36me3,0.0558672085455732,0.25651308177829385,7.161586126679584,0.03871533286202598
K9me1R17me1,0.0025362436178351,K9me1,R17me1,K9me1,0.0769729995121113,R17me1,0.0065798260831379,1.6109763562317905,9.632707655125511,0.26952604492284465
R17me1K23un,0.0029517823847268,R17me1,K23un,R17me1,0.0065798260831379,K23un,0.666024965219085,-0.3951710039135445,4.5314700081313575,-0.06783648518275513
K9me2K14me1,0.0018659202464808,K9me2,K14me1,K9me2,0.1017831679883325,K14me1,0.072461765022886,-1.374394150142434,3.3972377596475267,-0.2187132319223286
R17me2K23me1,0.0016445756330364,R17me2,K23me1,R17me2,0.0177033109458582,K23me1,0.0308172175169444,1.103412430824112,8.72027473893192,0.17213189636588555
K14me1R17me1,0.0004155387668917,K14me1,R17me1,K14me1,0.072461765022886,R17me1,0.0065798260831379,-0.13749144587835782,7.500115809177763,-0.017658951959585934
K9acK14me1,0.0080280198997635,K9ac,K14me1,K9ac,0.0263536818934126,K14me1,0.072461765022886,1.4360261494287834,8.07566842060479,0.2976332655779021
K9acK18me1,0.0063341046538114,K9ac,K18me1,K9ac,0.0263536818934126,K18me1,0.0274921651390195,2.1681946939385877,9.88038934035362,0.42834402338642635
K9acK23ac,0.0080280198997635,K9ac,K23ac,K9ac,0.0263536818934126,K23ac,0.1891780375983456,0.4763966236485998,5.947865352458743,0.09873878888850375
K9acK27un,0.0009763227284157,K9ac,K27un,K9ac,0.0263536818934126,K27un,0.068236254942896,-0.6107908204150007,5.66491448075322,-0.08811536716380801
K9acK18ac,0.0046953888322852,K9ac,K18ac,K9ac,0.0263536818934126,K18ac,0.1834476888571322,-0.029201341440231107,5.295548269868682,-0.005446818089912018
K4me1K27un,0.0025798406154708,K4me1,K27un,K4me1,0.0032222712840366,K27un,0.068236254942896,2.4624203994386837,12.462088570559366,0.41315586778511676
K9acK14me3,0.0030014735863331,K9ac,K14me3,K9ac,0.0263536818934126,K14me3,0.0039524037982046,3.360926696646227,14.04539290429285,0.5786070065064689
K14me3K18ac,0.0030014735863331,K14me3,K18ac,K14me3,0.0039524037982046,K18ac,0.1834476888571322,1.4206051396673622,9.884373007396345,0.24456709755403447
K14me3K23un,0.0030014735863331,K14me3,K23un,K14me3,0.0039524037982046,K23un,0.666024965219085,0.13120753702074375,6.399573006018946,0.022588293967379665
K4me1R8me1,0.0,K4me1,R8me1,K4me1,0.0032222712840366,R8me1,0.0021628564284065,-inf,-inf,-1.0
K4me1K9me2,0.0,K4me1,K9me2,K4me1,0.0032222712840366,K9me2,0.1017831679883325,-inf,-inf,-1.0
K4me1K9me3,0.0,K4me1,K9me3,K4me1,0.0032222712840366,K9me3,0.0188656240916069,-inf,-inf,-1.0
K4me1K9ac,0.0,K4me1,K9ac,K4me1,0.0032222712840366,K9ac,0.0263536818934126,-inf,-inf,-1.0
K4me1K9un,0.0,K4me1,K9un,K4me1,0.0032222712840366,K9un,0.7760245265145282,-inf,-inf,-1.0
K4me1K14me1,0.0,K4me1,K14me1,K4me1,0.0032222712840366,K14me1,0.072461765022886,-inf,-inf,-1.0
K4me1K14me2,0.0,K4me1,K14me2,K4me1,0.0032222712840366,K14me2,0.0113926846034974,-inf,-inf,-1.0
K4me1K14me3,0.0,K4me1,K14me3,K4me1,0.0032222712840366,K14me3,0.0039524037982046,-inf,-inf,-1.0
K4me1K14un,0.0,K4me1,K14un,K4me1,0.0032222712840366,K14un,0.6248029101230272,-inf,-inf,-1.0
K4me1R17me1,0.0,K4me1,R17me1,K4me1,0.0032222712840366,R17me1,0.0065798260831379,-inf,-inf,-1.0
K4me1R17me2,0.0,K4me1,R17me2,K4me1,0.0032222712840366,R17me2,0.0177033109458582,-inf,-inf,-1.0
K4me1K18me1,0.0,K4me1,K18me1,K4me1,0.0032222712840366,K18me1,0.0274921651390195,-inf,-inf,-1.0
K4me1K18me2,0.0,K4me1,K18me2,K4me1,0.0032222712840366,K18me2,0.0237095396129697,-inf,-inf,-1.0
K4me1K18un,0.0,K4me1,K18un,K4me1,0.0032222712840366,K18un,0.7653506063908703,-inf,-inf,-1.0
K4me1K23me1,0.0,K4me1,K23me1,K4me1,0.0032222712840366,K23me1,0.0308172175169444,-inf,-inf,-1.0
K4me1K23me2,0.0,K4me1,K23me2,K4me1,0.0032222712840366,K23me2,0.0329947234741265,-inf,-inf,-1.0
K4me1K23me3,0.0,K4me1,K23me3,K4me1,0.0032222712840366,K23me3,0.0809850561914897,-inf,-inf,-1.0
K4me1K23un,0.0,K4me1,K23un,K4me1,0.0032222712840366,K23un,0.666024965219085,-inf,-inf,-1.0
K4me1R26me1,0.0,K4me1,R26me1,K4me1,0.0032222712840366,R26me1,0.0183641414225654,-inf,-inf,-1.0
K4me1R26me2,0.0,K4me1,R26me2,K4me1,0.0032222712840366,R26me2,0.0185653282844153,-inf,-inf,-1.0
K4me1K27me1,0.0,K4me1,K27me1,K4me1,0.0032222712840366,K27me1,0.0548136144360424,-inf,-inf,-1.0
K4me1K27me3,0.0,K4me1,K27me3,K4me1,0.0032222712840366,K27me3,0.3172064809671541,-inf,-inf,-1.0
K4me1K27ac,0.0,K4me1,K27ac,K4me1,0.0032222712840366,K27ac,0.0015189022088479,-inf,-inf,-1.0
K4me1K36me1,0.0,K4me1,K36me1,K4me1,0.0032222712840366,K36me1,0.1433000887995814,-inf,-inf,-1.0
K4me1K36me3,0.0,K4me1,K36me3,K4me1,0.0032222712840366,K36me3,0.0558672085455732,-inf,-inf,-1.0
K4me1K36un,0.0,K4me1,K36un,K4me1,0.0032222712840366,K36un,0.2914822990915743,-inf,-inf,-1.0
R8me1K9me2,0.0,R8me1,K9me2,R8me1,0.0021628564284065,K9me2,0.1017831679883325,-inf,-inf,-1.0
R8me1K9me3,0.0,R8me1,K9me3,R8me1,0.0021628564284065,K9me3,0.0188656240916069,-inf,-inf,-1.0
R8me1K9ac,0.0,R8me1,K9ac,R8me1,0.0021628564284065,K9ac,0.0263536818934126,-inf,-inf,-1.0
R8me1K14me1,0.0,R8me1,K14me1,R8me1,0.0021628564284065,K14me1,0.072461765022886,-inf,-inf,-1.0
R8me1K14me2,0.0,R8me1,K14me2,R8me1,0.0021628564284065,K14me2,0.0113926846034974,-inf,-inf,-1.0
R8me1K14me3,0.0,R8me1,K14me3,R8me1,0.0021628564284065,K14me3,0.0039524037982046,-inf,-inf,-1.0
R8me1R17me1,0.0,R8me1,R17me1,R8me1,0.0021628564284065,R17me1,0.0065798260831379,-inf,-inf,-1.0
R8me1R17me2,0.0,R8me1,R17me2,R8me1,0.0021628564284065,R17me2,0.0177033109458582,-inf,-inf,-1.0
R8me1K18me1,0.0,R8me1,K18me1,R8me1,0.0021628564284065,K18me1,0.0274921651390195,-inf,-inf,-1.0
R8me1K18me2,0.0,R8me1,K18me2,R8me1,0.0021628564284065,K18me2,0.0237095396129697,-inf,-inf,-1.0
R8me1K23me1,0.0,R8me1,K23me1,R8me1,0.0021628564284065,K23me1,0.0308172175169444,-inf,-inf,-1.0
R8me1K23me2,0.0,R8me1,K23me2,R8me1,0.0021628564284065,K23me2,0.0329947234741265,-inf,-inf,-1.0
R8me1K23me3,0.0,R8me1,K23me3,R8me1,0.0021628564284065,K23me3,0.0809850561914897,-inf,-inf,-1.0
R8me1R26me1,0.0,R8me1,R26me1,R8me1,0.0021628564284065,R26me1,0.0183641414225654,-inf,-inf,-1.0
R8me1R26me2,0.0,R8me1,R26me2,R8me1,0.0021628564284065,R26me2,0.0185653282844153,-inf,-inf,-1.0
R8me1K27me1,0.0,R8me1,K27me1,R8me1,0.0021628564284065,K27me1,0.0548136144360424,-inf,-inf,-1.0
R8me1K27me3,0.0,R8me1,K27me3,R8me1,0.0021628564284065,K27me3,0.3172064809671541,-inf,-inf,-1.0
R8me1K27ac,0.0,R8me1,K27ac,R8me1,0.0021628564284065,K27ac,0.0015189022088479,-inf,-inf,-1.0
R8me1K27un,0.0,R8me1,K27un,R8me1,0.0021628564284065,K27un,0.068236254942896,-inf,-inf,-1.0
R8me1K36me1,0.0,R8me1,K36me1,R8me1,0.0021628564284065,K36me1,0.1433000887995814,-inf,-inf,-1.0
R8me1K36me3,0.0,R8me1,K36me3,R8me1,0.0021628564284065,K36me3,0.0558672085455732,-inf,-inf,-1.0
R8me1K36un,0.0,R8me1,K36un,R8me1,0.0021628564284065,K36un,0.2914822990915743,-inf,-inf,-1.0
K9me1K14me2,0.0,K9me1,K14me2,K9me1,0.0769729995121113,K14me2,0.0113926846034974,-inf,-inf,-1.0
K9me1K14me3,0.0,K9me1,K14me3,K9me1,0.0769729995121113,K14me3,0.0039524037982046,-inf,-inf,-1.0
K9me1R17me2,0.0,K9me1,R17me2,K9me1,0.0769729995121113,R17me2,0.0177033109458582,-inf,-inf,-1.0
K9me1K18me2,0.0,K9me1,K18me2,K9me1,0.0769729995121113,K18me2,0.0237095396129697,-inf,-inf,-1.0
K9me1K23me1,0.0,K9me1,K23me1,K9me1,0.0769729995121113,K23me1,0.0308172175169444,-inf,-inf,-1.0
K9me1K23me3,0.0,K9me1,K23me3,K9me1,0.0769729995121113,K23me3,0.0809850561914897,-inf,-inf,-1.0
K9me1R26me1,0.0,K9me1,R26me1,K9me1,0.0769729995121113,R26me1,0.0183641414225654,-inf,-inf,-1.0
K9me1R26me2,0.0,K9me1,R26me2,K9me1,0.0769729995121113,R26me2,0.0185653282844153,-inf,-inf,-1.0
K9me1K27me1,0.0,K9me1,K27me1,K9me1,0.0769729995121113,K27me1,0.0548136144360424,-inf,-inf,-1.0
K9me1K27ac,0.0,K9me1,K27ac,K9me1,0.0769729995121113,K27ac,0.0015189022088479,-inf,-inf,-1.0
K9me1K36me1,0.0,K9me1,K36me1,K9me1,0.0769729995121113,K36me1,0.1433000887995814,-inf,-inf,-1.0
K9me2K14me2,0.0,K9me2,K14me2,K9me2,0.1017831679883325,K14me2,0.0113926846034974,-inf,-inf,-1.0
K9me2K14me3,0.0,K9me2,K14me3,K9me2,0.1017831679883325,K14me3,0.0039524037982046,-inf,-inf,-1.0
K9me2R17me1,0.0,K9me2,R17me1,K9me2,0.1017831679883325,R17me1,0.0065798260831379,-inf,-inf,-1.0
K9me2R17me2,0.0,K9me2,R17me2,K9me2,0.1017831679883325,R17me2,0.0177033109458582,-inf,-inf,-1.0
K9me2K18me2,0.0,K9me2,K18me2,K9me2,0.1017831679883325,K18me2,0.0237095396129697,-inf,-inf,-1.0
K9me2K23me2,0.0,K9me2,K23me2,K9me2,0.1017831679883325,K23me2,0.0329947234741265,-inf,-inf,-1.0
K9me2R26me2,0.0,K9me2,R26me2,K9me2,0.1017831679883325,R26me2,0.0185653282844153,-inf,-inf,-1.0
K9me2K27me2,0.0,K9me2,K27me2,K9me2,0.1017831679883325,K27me2,0.558224747445051,-inf,-inf,-1.0
K9me2K36me2,0.0,K9me2,K36me2,K9me2,0.1017831679883325,K36me2,0.5093504035632626,-inf,-inf,-1.0
K9me3K14me1,0.0,K9me3,K14me1,K9me3,0.0188656240916069,K14me1,0.072461765022886,-inf,-inf,-1.0
K9me3K14me2,0.0,K9me3,K14me2,K9me3,0.0188656240916069,K14me2,0.0113926846034974,-inf,-inf,-1.0
K9me3R17me1,0.0,K9me3,R17me1,K9me3,0.0188656240916069,R17me1,0.0065798260831379,-inf,-inf,-1.0
K9me3R17me2,0.0,K9me3,R17me2,K9me3,0.0188656240916069,R17me2,0.0177033109458582,-inf,-inf,-1.0
K9me3K18me1,0.0,K9me3,K18me1,K9me3,0.0188656240916069,K18me1,0.0274921651390195,-inf,-inf,-1.0
K9me3K18me2,0.0,K9me3,K18me2,K9me3,0.0188656240916069,K18me2,0.0237095396129697,-inf,-inf,-1.0
K9me3K23me1,0.0,K9me3,K23me1,K9me3,0.0188656240916069,K23me1,0.0308172175169444,-inf,-inf,-1.0
K9me3K23me2,0.0,K9me3,K23me2,K9me3,0.0188656240916069,K23me2,0.0329947234741265,-inf,-inf,-1.0
K9me3K23me3,0.0,K9me3,K23me3,K9me3,0.0188656240916069,K23me3,0.0809850561914897,-inf,-inf,-1.0
K9me3R26me1,0.0,K9me3,R26me1,K9me3,0.0188656240916069,R26me1,0.0183641414225654,-inf,-inf,-1.0
K9me3R26me2,0.0,K9me3,R26me2,K9me3,0.0188656240916069,R26me2,0.0185653282844153,-inf,-inf,-1.0
K9me3K27me1,0.0,K9me3,K27me1,K9me3,0.0188656240916069,K27me1,0.0548136144360424,-inf,-inf,-1.0
K9me3K27me3,0.0,K9me3,K27me3,K9me3,0.0188656240916069,K27me3,0.3172064809671541,-inf,-inf,-1.0
K9me3K27ac,0.0,K9me3,K27ac,K9me3,0.0188656240916069,K27ac,0.0015189022088479,-inf,-inf,-1.0
K9me3K27un,0.0,K9me3,K27un,K9me3,0.0188656240916069,K27un,0.068236254942896,-inf,-inf,-1.0
K9me3K36me1,0.0,K9me3,K36me1,K9me3,0.0188656240916069,K36me1,0.1433000887995814,-inf,-inf,-1.0
K9me3K36me3,0.0,K9me3,K36me3,K9me3,0.0188656240916069,K36me3,0.0558672085455732,-inf,-inf,-1.0
K9me3K36un,0.0,K9me3,K36un,K9me3,0.0188656240916069,K36un,0.2914822990915743,-inf,-inf,-1.0
K9acK14me2,0.0,K9ac,K14me2,K9ac,0.0263536818934126,K14me2,0.0113926846034974,-inf,-inf,-1.0
K9acK14ac,0.0,K9ac,K14ac,K9ac,0.0263536818934126,K14ac,0.2873902364523761,-inf,-inf,-1.0
K9acR17me1,0.0,K9ac,R17me1,K9ac,0.0263536818934126,R17me1,0.0065798260831379,-inf,-inf,-1.0
K9acK18me2,0.0,K9ac,K18me2,K9ac,0.0263536818934126,K18me2,0.0237095396129697,-inf,-inf,-1.0
K9acK23me2,0.0,K9ac,K23me2,K9ac,0.0263536818934126,K23me2,0.0329947234741265,-inf,-inf,-1.0
K9acK23me3,0.0,K9ac,K23me3,K9ac,0.0263536818934126,K23me3,0.0809850561914897,-inf,-inf,-1.0
K9acR26me1,0.0,K9ac,R26me1,K9ac,0.0263536818934126,R26me1,0.0183641414225654,-inf,-inf,-1.0
K9acR26me2,0.0,K9ac,R26me2,K9ac,0.0263536818934126,R26me2,0.0185653282844153,-inf,-inf,-1.0
K9acK27ac,0.0,K9ac,K27ac,K9ac,0.0263536818934126,K27ac,0.0015189022088479,-inf,-inf,-1.0
K9acK36me1,0.0,K9ac,K36me1,K9ac,0.0263536818934126,K36me1,0.1433000887995814,-inf,-inf,-1.0
K9acK36me3,0.0,K9ac,K36me3,K9ac,0.0263536818934126,K36me3,0.0558672085455732,-inf,-inf,-1.0
K9unK14me3,0.0,K9un,K14me3,K9un,0.7760245265145282,K14me3,0.0039524037982046,-inf,-inf,-1.0
K14me1R17me2,0.0,K14me1,R17me2,K14me1,0.072461765022886,R17me2,0.0177033109458582,-inf,-inf,-1.0
K14me1K18me2,0.0,K14me1,K18me2,K14me1,0.072461765022886,K18me2,0.0237095396129697,-inf,-inf,-1.0
K14me1K23me1,0.0,K14me1,K23me1,K14me1,0.072461765022886,K23me1,0.0308172175169444,-inf,-inf,-1.0
K14me1K23me2,0.0,K14me1,K23me2,K14me1,0.072461765022886,K23me2,0.0329947234741265,-inf,-inf,-1.0
K14me1K23me3,0.0,K14me1,K23me3,K14me1,0.072461765022886,K23me3,0.0809850561914897,-inf,-inf,-1.0
K14me1R26me1,0.0,K14me1,R26me1,K14me1,0.072461765022886,R26me1,0.0183641414225654,-inf,-inf,-1.0
K14me1R26me2,0.0,K14me1,R26me2,K14me1,0.072461765022886,R26me2,0.0185653282844153,-inf,-inf,-1.0
K14me1K27me1,0.0,K14me1,K27me1,K14me1,0.072461765022886,K27me1,0.0548136144360424,-inf,-inf,-1.0
K14me1K27ac,0.0,K14me1,K27ac,K14me1,0.072461765022886,K27ac,0.0015189022088479,-inf,-inf,-1.0
K14me1K36me1,0.0,K14me1,K36me1,K14me1,0.072461765022886,K36me1,0.1433000887995814,-inf,-inf,-1.0
K14me2R17me1,0.0,K14me2,R17me1,K14me2,0.0113926846034974,R17me1,0.0065798260831379,-inf,-inf,-1.0
K14me2R17me2,0.0,K14me2,R17me2,K14me2,0.0113926846034974,R17me2,0.0177033109458582,-inf,-inf,-1.0
K14me2K18me1,0.0,K14me2,K18me1,K14me2,0.0113926846034974,K18me1,0.0274921651390195,-inf,-inf,-1.0
K14me2K18me2,0.0,K14me2,K18me2,K14me2,0.0113926846034974,K18me2,0.0237095396129697,-inf,-inf,-1.0
K14me2K18ac,0.0,K14me2,K18ac,K14me2,0.0113926846034974,K18ac,0.1834476888571322,-inf,-inf,-1.0
K14me2K23me2,0.0,K14me2,K23me2,K14me2,0.0113926846034974,K23me2,0.0329947234741265,-inf,-inf,-1.0
K14me2K23me3,0.0,K14me2,K23me3,K14me2,0.0113926846034974,K23me3,0.0809850561914897,-inf,-inf,-1.0
K14me2K23ac,0.0,K14me2,K23ac,K14me2,0.0113926846034974,K23ac,0.1891780375983456,-inf,-inf,-1.0
K14me2R26me1,0.0,K14me2,R26me1,K14me2,0.0113926846034974,R26me1,0.0183641414225654,-inf,-inf,-1.0
K14me2R26me2,0.0,K14me2,R26me2,K14me2,0.0113926846034974,R26me2,0.0185653282844153,-inf,-inf,-1.0
K14me2K27me1,0.0,K14me2,K27me1,K14me2,0.0113926846034974,K27me1,0.0548136144360424,-inf,-inf,-1.0
K14me2K27me2,0.0,K14me2,K27me2,K14me2,0.0113926846034974,K27me2,0.558224747445051,-inf,-inf,-1.0
K14me2K27ac,0.0,K14me2,K27ac,K14me2,0.0113926846034974,K27ac,0.0015189022088479,-inf,-inf,-1.0
K14me2K36me2,0.0,K14me2,K36me2,K14me2,0.0113926846034974,K36me2,0.5093504035632626,-inf,-inf,-1.0
K14me3R17me1,0.0,K14me3,R17me1,K14me3,0.0039524037982046,R17me1,0.0065798260831379,-inf,-inf,-1.0
K14me3R17me2,0.0,K14me3,R17me2,K14me3,0.0039524037982046,R17me2,0.0177033109458582,-inf,-inf,-1.0
K14me3K18me1,0.0,K14me3,K18me1,K14me3,0.0039524037982046,K18me1,0.0274921651390195,-inf,-inf,-1.0
K14me3K18me2,0.0,K14me3,K18me2,K14me3,0.0039524037982046,K18me2,0.0237095396129697,-inf,-inf,-1.0
K14me3K23me1,0.0,K14me3,K23me1,K14me3,0.0039524037982046,K23me1,0.0308172175169444,-inf,-inf,-1.0
K14me3K23me2,0.0,K14me3,K23me2,K14me3,0.0039524037982046,K23me2,0.0329947234741265,-inf,-inf,-1.0
K14me3K23me3,0.0,K14me3,K23me3,K14me3,0.0039524037982046,K23me3,0.0809850561914897,-inf,-inf,-1.0
K14me3R26me1,0.0,K14me3,R26me1,K14me3,0.0039524037982046,R26me1,0.0183641414225654,-inf,-inf,-1.0
K14me3R26me2,0.0,K14me3,R26me2,K14me3,0.0039524037982046,R26me2,0.0185653282844153,-inf,-inf,-1.0
K14me3K27me1,0.0,K14me3,K27me1,K14me3,0.0039524037982046,K27me1,0.0548136144360424,-inf,-inf,-1.0
K14me3K27me3,0.0,K14me3,K27me3,K14me3,0.0039524037982046,K27me3,0.3172064809671541,-inf,-inf,-1.0
K14me3K27ac,0.0,K14me3,K27ac,K14me3,0.0039524037982046,K27ac,0.0015189022088479,-inf,-inf,-1.0
K14me3K27un,0.0,K14me3,K27un,K14me3,0.0039524037982046,K27un,0.068236254942896,-inf,-inf,-1.0
K14me3K36me1,0.0,K14me3,K36me1,K14me3,0.0039524037982046,K36me1,0.1433000887995814,-inf,-inf,-1.0
K14me3K36me3,0.0,K14me3,K36me3,K14me3,0.0039524037982046,K36me3,0.0558672085455732,-inf,-inf,-1.0
K14me3K36un,0.0,K14me3,K36un,K14me3,0.0039524037982046,K36un,0.2914822990915743,-inf,-inf,-1.0
K14acR17me2,0.0,K14ac,R17me2,K14ac,0.2873902364523761,R17me2,0.0177033109458582,-inf,-inf,-1.0
R17me1K18me2,0.0,R17me1,K18me2,R17me1,0.0065798260831379,K18me2,0.0237095396129697,-inf,-inf,-1.0
R17me1K23me3,0.0,R17me1,K23me3,R17me1,0.0065798260831379,K23me3,0.0809850561914897,-inf,-inf,-1.0
R17me1R26me2,0.0,R17me1,R26me2,R17me1,0.0065798260831379,R26me2,0.0185653282844153,-inf,-inf,-1.0
R17me1K27un,0.0,R17me1,K27un,R17me1,0.0065798260831379,K27un,0.068236254942896,-inf,-inf,-1.0
R17me1K36me3,0.0,R17me1,K36me3,R17me1,0.0065798260831379,K36me3,0.0558672085455732,-inf,-inf,-1.0
R17me2K18me1,0.0,R17me2,K18me1,R17me2,0.0177033109458582,K18me1,0.0274921651390195,-inf,-inf,-1.0
R17me2K18me2,0.0,R17me2,K18me2,R17me2,0.0177033109458582,K18me2,0.0237095396129697,-inf,-inf,-1.0
R17me2K23me2,0.0,R17me2,K23me2,R17me2,0.0177033109458582,K23me2,0.0329947234741265,-inf,-inf,-1.0
R17me2K23me3,0.0,R17me2,K23me3,R17me2,0.0177033109458582,K23me3,0.0809850561914897,-inf,-inf,-1.0
R17me2K23ac,0.0,R17me2,K23ac,R17me2,0.0177033109458582,K23ac,0.1891780375983456,-inf,-inf,-1.0
R17me2R26me1,0.0,R17me2,R26me1,R17me2,0.0177033109458582,R26me1,0.0183641414225654,-inf,-inf,-1.0
R17me2R26me2,0.0,R17me2,R26me2,R17me2,0.0177033109458582,R26me2,0.0185653282844153,-inf,-inf,-1.0
R17me2K27me1,0.0,R17me2,K27me1,R17me2,0.0177033109458582,K27me1,0.0548136144360424,-inf,-inf,-1.0
R17me2K27me3,0.0,R17me2,K27me3,R17me2,0.0177033109458582,K27me3,0.3172064809671541,-inf,-inf,-1.0
R17me2K27ac,0.0,R17me2,K27ac,R17me2,0.0177033109458582,K27ac,0.0015189022088479,-inf,-inf,-1.0
R17me2K36me3,0.0,R17me2,K36me3,R17me2,0.0177033109458582,K36me3,0.0558672085455732,-inf,-inf,-1.0
R17me2K36un,0.0,R17me2,K36un,R17me2,0.0177033109458582,K36un,0.2914822990915743,-inf,-inf,-1.0
K18me1R26me1,0.0,K18me1,R26me1,K18me1,0.0274921651390195,R26me1,0.0183641414225654,-inf,-inf,-1.0
K18me1R26me2,0.0,K18me1,R26me2,K18me1,0.0274921651390195,R26me2,0.0185653282844153,-inf,-inf,-1.0
K18me1K27me1,0.0,K18me1,K27me1,K18me1,0.0274921651390195,K27me1,0.0548136144360424,-inf,-inf,-1.0
K18me1K36me3,0.0,K18me1,K36me3,K18me1,0.0274921651390195,K36me3,0.0558672085455732,-inf,-inf,-1.0
K18me2K23me3,0.0,K18me2,K23me3,K18me2,0.0237095396129697,K23me3,0.0809850561914897,-inf,-inf,-1.0
K18me2R26me2,0.0,K18me2,R26me2,K18me2,0.0237095396129697,R26me2,0.0185653282844153,-inf,-inf,-1.0
K18me2K36me2,0.0,K18me2,K36me2,K18me2,0.0237095396129697,K36me2,0.5093504035632626,-inf,-inf,-1.0
K18acR26me2,0.0,K18ac,R26me2,K18ac,0.1834476888571322,R26me2,0.0185653282844153,-inf,-inf,-1.0
K18acK27ac,0.0,K18ac,K27ac,K18ac,0.1834476888571322,K27ac,0.0015189022088479,-inf,-inf,-1.0
K23me1R26me2,0.0,K23me1,R26me2,K23me1,0.0308172175169444,R26me2,0.0185653282844153,-inf,-inf,-1.0
K23me2R26me2,0.0,K23me2,R26me2,K23me2,0.0329947234741265,R26me2,0.0185653282844153,-inf,-inf,-1.0
K23me2K27ac,0.0,K23me2,K27ac,K23me2,0.0329947234741265,K27ac,0.0015189022088479,-inf,-inf,-1.0
K23me3R26me1,0.0,K23me3,R26me1,K23me3,0.0809850561914897,R26me1,0.0183641414225654,-inf,-inf,-1.0
K23me3R26me2,0.0,K23me3,R26me2,K23me3,0.0809850561914897,R26me2,0.0185653282844153,-inf,-inf,-1.0
K23me3K27ac,0.0,K23me3,K27ac,K23me3,0.0809850561914897,K27ac,0.0015189022088479,-inf,-inf,-1.0
K23me3K36me3,0.0,K23me3,K36me3,K23me3,0.0809850561914897,K36me3,0.0558672085455732,-inf,-inf,-1.0
K23unK27ac,0.0,K23un,K27ac,K23un,0.666024965219085,K27ac,0.0015189022088479,-inf,-inf,-1.0
R26me1K27ac,0.0,R26me1,K27ac,R26me1,0.0183641414225654,K27ac,0.0015189022088479,-inf,-inf,-1.0
R26me1K27un,0.0,R26me1,K27un,R26me1,0.0183641414225654,K27un,0.068236254942896,-inf,-inf,-1.0
R26me2K27ac,0.0,R26me2,K27ac,R26me2,0.0185653282844153,K27ac,0.0015189022088479,-inf,-inf,-1.0
K27me3K36me3,0.0,K27me3,K36me3,K27me3,0.3172064809671541,K36me3,0.0558672085455732,-inf,-inf,-1.0
K27acK36me2,0.0,K27ac,K36me2,K27ac,0.0015189022088479,K36me2,0.5093504035632626,-inf,-inf,-1.0
K27acK36me3,0.0,K27ac,K36me3,K27ac,0.0015189022088479,K36me3,0.0558672085455732,-inf,-inf,-1.0
K27unK36un,0.0,K27un,K36un,K27un,0.068236254942896,K36un,0.2914822990915743,-inf,-inf,-1.0
